<Trace>
679
tp5
X	Y	
1	255831.531
2	256395.625
3	256384.3
4	255926.234
5	255557.734
6	254966.938
7	255444.516
8	255162.5
9	255327.172
10	255877.859
11	255103.828
12	256024.016
13	254970.031
14	254940.172
15	254557.313
16	255374.516
17	254321.641
18	255334.375
19	255238.656
20	254661.266
21	254001.578
22	254238.266
23	255065.75
24	253979.969
25	255110
26	254044.8
27	254103.453
28	254183.734
29	253862.641
30	254019.063
31	254042.734
32	254476.016
33	253794.719
34	253944.969
35	252849.031
36	252647.359
37	254314.438
38	254018.031
39	253133.047
40	253064.1
41	252785.234
42	253750.469
43	254420.438
44	252722.469
45	253625.953
46	252814.047
47	253109.375
48	247006.328
49	231352.938
50	223590.953
51	220761.813
52	210921.719
53	204274.609
54	195179.641
55	189422.891
56	185206.578
57	178888.953
58	173733.25
59	168808.859
60	165277.828
61	160900.9
62	157329.266
63	154436.766
64	151165.766
65	147783.109
66	145570.75
67	143016.438
68	140229.188
69	138298.031
70	135535.625
71	133994.328
72	131454.516
73	130521.813
74	128042.867
75	127517.328
76	125528.094
77	122995.781
78	122327.586
79	121535.75
80	120074.945
81	119319.8
82	118200.883
83	117112.508
84	116747.719
85	115584.555
86	115002.016
87	113274.883
88	113041.922
89	112218.508
90	111284.789
91	111165.3
92	110796.7
93	109712.273
94	109146.32
95	108791.984
96	108533.836
97	108384.008
98	107201.695
99	107006.344
100	106692.578
101	105586.391
102	106459.8
103	104766.711
104	104974.148
105	104645.281
106	104226.367
107	103718.43
108	103519.109
109	102721.875
110	102967.719
111	102935.344
112	101904.477
113	101579.766
114	101080.078
115	101106.375
116	101030.516
117	100770.57
118	100971.852
119	99904.81
120	100314.414
121	99332.4
122	99578.15
123	99485.11
124	99500.27
125	98884.4141
126	98541.61
127	98664.98
128	98226.125
129	98435.44
130	97622.48
131	97432.4
132	96909.69
133	97482.95
134	97094.7
135	96748.94
136	96370.8359
137	96313.21
138	96284.91
139	96173.7
140	96044.3047
141	95981.625
142	95335.68
143	95253.8047
144	94724.15
145	94826.24
146	94988.98
147	95044.57
148	94890.93
149	93770.05
150	94332.99
151	93638.6641
152	94031.8047
153	93445.63
154	93947.92
155	93829.67
156	93175.8
157	92663.45
158	92355.24
159	92892.84
160	92730.14
161	92885.7656
162	92194.58
163	92140.0156
164	91426.65
165	91635.8047
166	91245.8
167	91123.54
168	91189.21
169	91768.17
170	90862.875
171	91220.54
172	90201.14
173	91234.68
174	90618.38
175	90303.17
176	90013.2344
177	90018.29
178	89611.18
179	89940.5
180	90113.25
181	89717.24
182	89257.625
183	89585.92
184	88934.38
185	89389.95
186	88875.8
187	88651.56
188	88861.66
189	89207.12
190	88166.74
191	88803.07
192	88444.5
193	88523.28
194	87955.65
195	87905.15
196	87433.5
197	87414.31
198	87463.8
199	87313.32
200	87101.24
201	87191.125
202	86848.77
203	86615.5
204	86563.99
205	86942.69
206	86436.76
207	86467.0547
208	86360.0156
209	86355.98
210	85959.125
211	85587.55
212	85879.36
213	86254.99
214	85964.18
215	86036.88
216	85833.92
217	85655.1953
218	84972.65
219	85201.84
220	84974.6641
221	85245.26
222	84849.47
223	85035.24
224	84394.14
225	85124.09
226	84594.04
227	84511.25
228	84425.44
229	84257.84
230	84016.56
231	84226.55
232	84326.49
233	84013.53
234	83618.81
235	83712.6953
236	83254.39
237	83265.5
238	83461.3359
239	83210.9844
240	83677.37
241	83475.47
242	82829.42
243	83029.29
244	83303.86
245	83176.6641
246	83244.3
247	82273.26
248	82420.625
249	82850.625
250	82349.97
251	82094.61
252	82397.41
253	82905.13
254	82147.09
255	82382.2656
256	81723.19
257	81744.38
258	81953.3047
259	81941.1953
260	81414.35
261	81553.63
262	81525.37
263	81104.52
264	80872.41
265	81457.75
266	81197.37
267	80806.81
268	80634.24
269	80931.9453
270	80670.57
271	80788.65
272	80687.73
273	80435.4453
274	80504.06
275	81080.3
276	80034.83
277	80366.82
278	80541.4
279	80074.18
280	80113.54
281	79673.58
282	79928.875
283	79927.87
284	79252.82
285	79620.1
286	79654.41
287	79357.76
288	79997.49
289	78772.5547
290	79093.4
291	78880.51
292	79468.75
293	79149.91
294	78773.56
295	78655.5156
296	79165.04
297	78711.01
298	78991.49
299	78428.51
300	78421.4453
301	78663.5859
302	78349.81
303	78685.78
304	78262.04
305	77838.32
306	78555.63
307	78488.03
308	77761.65
309	77905.9141
310	77892.8
311	77972.5
312	77536.69
313	77797.97
314	77755.59
315	77300.625
316	77156.375
317	77015.15
318	76928.4
319	77472.125
320	77680.9453
321	77509.4453
322	76642.93
323	76790.2
324	77091.81
325	76790.2
326	76522.9
327	76517.85
328	76119.44
329	77168.48
330	76267.7
331	76387.7344
332	76795.25
333	75874.3359
334	75709.94
335	76269.72
336	76174.91
337	75999.41
338	76018.57
339	77075.67
340	75662.53
341	76081.11
342	75889.47
343	75490.06
344	75971.1641
345	75887.45
346	75611.09
347	75842.06
348	75474.94
349	75757.34
350	75046.3047
351	75181.45
352	75144.13
353	75629.25
354	74765.9453
355	74843.6
356	74937.39
357	75263.14
358	75136.06
359	75254.06
360	74726.62
361	74521.9
362	74293.9844
363	74753.84
364	74121.55
365	74782.08
366	74460.38
367	73864.41
368	74285.92
369	74416.01
370	74470.46
371	73913.81
372	73853.31
373	73797.85
374	73673.82
375	74467.44
376	73640.55
377	73580.05
378	73330.9844
379	73358.21
380	73498.37
381	73381.41
382	73621.39
383	73171.67
384	73235.1953
385	73175.71
386	73175.71
387	72842.98
388	73125.29
389	72976.06
390	72776.43
391	72060.59
392	72807.69
393	72593.94
394	72766.34
395	72961.95
396	72650.4
397	72256.18
398	72293.4844
399	72252.15
400	72002.12
401	71954.7344
402	71992.04
403	72471.94
404	72272.31
405	72001.11
406	72353.98
407	71822.67
408	71700.68
409	72197.71
410	71942.64
411	71649.2656
412	71111.95
413	71209.7344
414	71616
415	71309.54
416	71472.84
417	71306.51
418	71460.75
419	71509.14
420	71274.25
421	71564.5859
422	71086.75
423	71028.28
424	70703.6953
425	71064.57
426	70366.0156
427	71018.2
428	70684.54
429	71086.75
430	70944.62
431	70909.3359
432	70491
433	70409.36
434	69937.63
435	70028.34
436	70278.32
437	70215.83
438	70976.875
439	70079.75
440	70049.51
441	70130.15
442	70319.65
443	70398.2656
444	70065.64
445	69951.74
446	69915.45
447	70194.66
448	69598.97
449	69965.85
450	70049.51
451	69814.6641
452	69231.09
453	69366.15
454	69783.4141
455	69777.37
456	69547.57
457	68954.9453
458	68826.95
459	69271.4141
460	69372.1953
461	69415.54
462	69165.5859
463	68941.84
464	68927.7344
465	68828.97
466	68671.76
467	68743.31
468	68979.14
469	68614.31
470	68855.17
471	68351.28
472	68651.6
473	68478.2656
474	68294.85
475	68526.63
476	68341.2
477	67757.7344
478	67821.22
479	68381.5156
480	67948.1953
481	68111.4453
482	68080.2
483	68088.2656
484	67960.28
485	68140.6641
486	67379.86
487	67709.37
488	67912.92
489	68127.56
490	67745.65
491	67387.92
492	67578.37
493	67502.8
494	67321.42
495	67117.88
496	67587.44
497	67195.47
498	67861.53
499	67081.61
500	66926.44
501	66971.77
502	66988.91
503	66727.9453
504	66977.82
505	67026.19
506	66898.22
507	66559.68
508	67289.17
509	67011.07
510	66442.8047
511	66951.625
512	66874.04
513	66894.1953
514	67418.16
515	66686.63
516	66640.28
517	66385.375
518	66374.29
519	65901.77
520	66183.875
521	66523.41
522	65955.17
523	66549.6
524	66266.4844
525	65875.58
526	65907.82
527	65928.98
528	65723.45
529	65590.47
530	66102.2656
531	65175.4141
532	65736.55
533	65621.7
534	65696.25
535	65725.47
536	65353.7266
537	65330.5547
538	65824.1953
539	65349.6953
540	65527
541	65083.7422
542	65548.16
543	65888.68
544	65126.05
545	65552.19
546	65470.5859
547	65058.56
548	64924.58
549	64974.9453
550	65057.55
551	64949.76
552	65451.4453
553	64147.9336
554	64823.84
555	64778.51
556	64429.9766
557	64552.8672
558	64692.8867
559	64176.1367
560	64475.3047
561	64092.5352
562	64246.65
563	64047.207
564	64114.6953
565	64119.73
566	64001.88
567	64008.93
568	63800.43
569	64071.3828
570	63981.7344
571	63794.3867
572	63675.5352
573	63225.32
574	64344.3555
575	63285.75
576	63841.7266
577	63378.41
578	63426.7539
579	63342.1523
580	63638.27
581	63852.81
582	63126.6172
583	63585.8945
584	63302.87
585	63220.28
586	63388.48
587	63282.7266
588	63495.2461
589	63293.8047
590	63317.98
591	63105.4648
592	62997.7
593	63046.043
594	62952.38
595	62455.875
596	62616
597	62540.47
598	62782.1758
599	62718.7266
600	62756.9961
601	62529.39
602	62593.8438
603	62447.8164
604	62450.84
605	62597.875
606	62332.0039
607	62032.91
608	61897.97
609	62704.625
610	62445.8047
611	61955.3672
612	62414.582
613	61745.91
614	61767.0547
615	61453.8828
616	61834.5273
617	61686.4961
618	61621.043
619	61794.2461
620	61813.38
621	62205.1133
622	61812.37
623	61641.1836
624	61334.0547
625	61827.4766
626	61337.0742
627	61373.33
628	61342.11
629	61663.3359
630	61485.1
631	61788.2031
632	61191.07
633	60794.3438
634	60273.7969
635	61203.1523
636	61274.6445
637	61402.5273
638	61276.66
639	60987.668
640	60797.3633
641	60879.93
642	60862.8125
643	60752.0547
644	60738.9648
645	61071.2422
646	60392.6
647	60891.0078
648	60203.3164
649	60722.8555
650	60464.09
651	60143.9141
652	60800.3867
653	60765.1445
654	60175.125
655	60424.82
656	60001.9531
657	60364.41
658	60570.8164
659	60196.27
660	59876.1055
661	59802.61
662	59729.1133
663	60350.3164
664	59572.06
665	59841.875
666	59706.9648
667	59326.4141
668	59874.09
669	59468.3633
670	59293.19
671	59382.793
672	60113.71
673	59196.5469
674	59236.8164
675	59708.98
676	59715.02
677	59087.8242
678	59057.625
679	59152.2539
</Trace>
