<Trace>
600
D1 470:530(11)
X	Y	
1	122852.813
2	122657.117
3	122802.109
4	123167.148
5	122700.719
6	122599.32
7	122593.234
8	122645.961
9	122095.4
10	122764.594
11	121977.789
12	121316.766
13	122073.094
14	121781.1
15	122447.227
16	121893.641
17	122103.516
18	122706.8
19	122194.766
20	122224.164
21	121639.164
22	122128.859
23	122091.344
24	122589.18
25	121955.484
26	121574.273
27	122363.07
28	122261.68
29	122018.344
30	121924.055
31	121636.117
32	121959.539
33	121594.555
34	121926.086
35	121963.594
36	121971.711
37	122217.07
38	121757.781
39	122015.305
40	121629.023
41	121418.148
42	121899.719
43	121739.531
44	121662.477
45	122371.188
46	121291.422
47	121641.188
48	121718.242
49	122053.836
50	121698.977
51	121227.555
52	114264.523
53	108330.359
54	103036.516
55	98181.63
56	94675.63
57	90373.89
58	87086.09
59	84163.95
60	80619.11
61	77428.74
62	75273.23
63	72889.35
64	70692.6
65	68131.59
66	65878.6
67	63581.8633
68	62189
69	60276.8164
70	58433.4922
71	56938.78
72	55440.2969
73	53594.9648
74	52049.77
75	50507.86
76	49568.5625
77	48191.98
78	46828.6836
79	45545
80	45032.3828
81	43645.4531
82	43046.5234
83	41778.46
84	40805.9336
85	40135.88
86	39457.8359
87	38654.2969
88	37760.4453
89	37451.1328
90	36566.44
91	36080.4531
92	35555.332
93	35136.66
94	34436.918
95	34040.3867
96	33297.5664
97	33087.7773
98	32463.47
99	32508.6367
100	31735.8359
101	31305.3066
102	30922.9648
103	30277.7363
104	30712.2324
105	30029.8945
106	29810.1523
107	29482.0547
108	29321.5215
109	29185.0723
110	28715.54
111	28598.1582
112	28307.2246
113	28252.0488
114	27899.9336
115	27699.3047
116	27425.4531
117	27268.97
118	26811.5742
119	26940.9668
120	26752.3965
121	26763.43
122	26280.9863
123	26156.6172
124	25929.9512
125	26042.2813
126	25669.1914
127	25652.1426
128	25815.6172
129	25379.3574
130	25276.0625
131	25493.6855
132	25067.47
133	24930.082
134	25078.502
135	24756.5957
136	25016.3262
137	24942.1152
138	24802.7246
139	24522.9473
140	24535.9824
141	24686.4
142	24052.6582
143	24619.2129
144	23900.2441
145	24391.584
146	24348.4648
147	23811.0039
148	24052.6582
149	24066.6953
150	23926.3145
151	23840.082
152	23837.0742
153	23854.1211
154	23812.0078
155	23714.7461
156	23587.4063
157	23684.666
158	23724.7734
159	23430.9922
160	23653.584
161	23696.7
162	23584.3984
163	23404.9238
164	23217.43
165	23281.5977
166	23139.2246
167	23311.6777
168	23294.6328
169	22972.793
170	23498.17
171	23373.8418
172	23049.9922
173	22914.64
174	23001.8672
175	23340.7539
176	23034.9531
177	23180.332
178	22718.1348
179	22937.7012
180	22976.8027
181	23120.1758
182	22976.8027
183	22906.6211
184	22900.6055
185	22807.3652
186	22820.3984
187	23067.0371
188	22799.3438
189	22998.86
190	22513.6133
191	22746.207
192	22927.6758
193	22992.8438
194	22750.2188
195	22596.8262
196	22863.51
197	22896.5957
198	22597.8281
199	22675.0254
200	22936.7
201	23003.873
202	22766.26
203	22776.2852
204	22649.96
205	22571.7617
206	22626.9023
207	22462.4844
208	22661.9922
209	22668.0078
210	22704.1
211	22754.2285
212	22349.1973
213	22866.5176
214	22643.9453
215	22745.2051
216	22465.4922
217	22710.1152
218	22446.4434
219	22655.9766
220	22565.7461
221	22682.043
222	22324.1348
223	22458.4727
224	22637.93
225	22516.6211
226	22588.8047
227	22436.418
228	22244.9355
229	22358.22
230	22583.793
231	22389.2988
232	22607.8535
233	22192.8047
234	22248.9453
235	22425.39
236	22453.46
237	22175.7617
238	22414.3613
239	22250.95
240	22334.16
241	22551.71
242	22472.51
243	22478.5234
244	22305.0859
245	22330.1484
246	22555.72
247	22444.4375
248	22265.9883
249	22369.248
250	22473.5117
251	22236.9141
252	22105.5859
253	22362.23
254	22436.418
255	22393.3086
256	22512.6113
257	22383.2832
258	22607.8535
259	22418.3711
260	22582.79
261	22353.207
262	22432.4082
263	22333.1563
264	22421.3789
265	22187.791
266	22408.3457
267	22506.5957
268	22343.1816
269	22309.0957
270	22259.9727
271	22252.9551
272	22126.6387
273	22020.373
274	22327.1426
275	22472.51
276	22378.2715
277	22243.9316
278	22352.2051
279	22146.69
280	22274.0078
281	22312.1035
282	22303.08
283	22436.418
284	21997.3164
285	21973.2578
286	22202.83
287	22268.9961
288	22324.1348
289	22252.9551
290	22381.2773
291	22118.62
292	22244.9355
293	22006.34
294	22115.6113
295	22096.5645
296	22108.5938
297	22187.791
298	21950.2
299	21933.1582
300	22111.6016
301	22041.4258
302	22272.002
303	22194.8086
304	22295.06
305	22072.5039
306	22165.7363
307	22124.6328
308	22222.8789
309	22014.36
310	21979.2715
311	22146.69
312	21914.1113
313	22361.2285
314	21980.2734
315	22306.0879
316	22113.6055
317	22242.93
318	21943.1816
319	21883.0332
320	21950.2
321	22127.64
322	21905.0879
323	22041.4258
324	21980.2734
325	22110.6
326	22134.6582
327	22220.875
328	22091.55
329	21735.6719
330	21927.1426
331	21984.2852
332	21720.6348
333	21928.1445
334	21862.9844
335	21909.0977
336	22152.7031
337	21963.2324
338	21988.2949
339	21864.9883
340	21855.9668
341	21869
342	21768.752
343	21818.875
344	22019.3711
345	22007.3418
346	21663.4941
347	21784.791
348	21930.15
349	21800.832
350	22123.63
351	21820.88
352	21991.3027
353	21781.7852
354	21704.5957
355	21989.2969
356	21897.0684
357	21916.1152
358	21690.56
359	21833.9121
360	21666.502
361	21935.1621
362	21986.29
363	22076.5137
364	21912.1055
365	21716.625
366	21905.0879
367	21720.6348
368	21807.8477
369	21881.03
370	21829.9023
371	21668.5059
372	21607.3574
373	21733.666
374	21616.3789
375	21676.5254
376	21957.2168
377	22085.5371
378	22056.4629
379	21765.7441
380	21861.9824
381	21783.79
382	22045.4355
383	21787.7988
384	21783.79
385	21859.9766
386	21783.79
387	21542.2
388	21562.248
389	21544.2031
390	21619.3867
391	21154.2637
392	21762.7383
393	21863.9863
394	21711.6113
395	21726.6484
396	21910.1016
397	21908.0957
398	21765.7441
399	21879.0234
400	21762.7383
401	21860.9785
402	21587.3086
403	21670.5117
404	21372.79
405	21834.9141
406	21492.0762
407	21658.4824
408	21488.0664
409	21861.9824
410	21580.291
411	21725.6465
412	21858.9746
413	21701.5879
414	21318.6582
415	21452.9824
416	21447.97
417	21603.3477
418	21643.4453
419	21496.0859
420	21658.4824
421	21616.3789
422	21320.6621
423	21448.9727
424	21495.084
425	21871.0039
426	21585.3027
427	21568.2617
428	21368.78
429	21699.582
430	21576.2813
431	21656.4766
432	21898.07
433	21510.1211
434	21370.7832
435	21518.14
436	21641.44
437	21655.4746
438	21533.1758
439	21484.0566
440	21509.1172
441	21605.3516
442	21420.9043
443	21632.418
444	21376.7988
445	21677.53
446	21656.4766
447	21490.0723
448	21379.8047
449	21659.4844
450	21730.6582
451	21622.3945
452	21531.1719
453	21732.6641
454	21443.96
455	21298.61
456	21525.1563
457	21421.9063
458	21528.1641
459	21411.8828
460	21533.1758
461	21788.8
462	21413.8867
463	21241.4727
464	21206.3887
465	21378.8027
466	21628.4082
467	21530.17
468	21318.6582
469	21597.332
470	21166.293
471	21469.0215
472	21327.68
473	21499.0938
474	21458.9961
475	21570.2676
476	21147.2461
477	21235.457
478	21218.418
479	21424.9141
480	21642.4434
481	21253.502
482	21508.1152
483	21272.5469
484	21161.2813
485	21522.15
486	21311.64
487	21299.6113
488	21056.03
489	21584.3
490	21393.84
491	21246.4844
492	21516.1348
493	21560.2422
494	21341.7129
495	21213.4043
496	21477.041
497	21198.37
498	21158.2734
499	21275.5547
500	21181.3281
501	21490.0723
502	21275.5547
503	21200.373
504	21311.64
505	21427.9219
506	21310.6387
507	21292.5957
508	20996.8887
509	21306.6289
510	21431.9316
511	21016.9375
512	21435.9414
513	21353.7422
514	21327.68
515	21238.4648
516	21098.13
517	20951.7832
518	20998.8945
519	21107.1523
520	21070.0625
521	21440.9531
522	21350.7344
523	21292.5957
524	21206.3887
525	21200.373
526	21116.1738
527	21283.5742
528	21385.82
529	21078.082
530	21094.1211
531	21243.4766
532	21198.37
533	21189.3477
534	21013.93
535	20836.5117
536	21313.6465
537	21099.1328
538	21225.4336
539	21088.1055
540	21344.72
541	20886.6289
542	21368.78
543	21189.3477
544	21152.26
545	21139.2285
546	21315.65
547	21224.4316
548	21246.4844
549	21060.04
550	21293.5977
551	20891.64
552	21175.3145
553	21132.21
554	21018.9414
555	20788.3984
556	21250.4941
557	21363.7656
558	21028.9648
559	21347.7285
560	21197.3672
561	20976.8418
562	21089.11
563	21073.07
564	21013.93
565	21151.2559
566	20699.19
567	20916.7
568	21227.44
569	21145.2422
570	21191.3516
571	21113.166
572	21130.207
573	21124.1914
574	21030.97
575	21236.46
576	21134.2168
577	21095.123
578	20854.5527
579	20965.8164
580	21153.2617
581	20963.81
582	21105.1465
583	21064.0488
584	21352.74
585	21058.0352
586	21172.3066
587	21154.2637
588	21252.498
589	20848.54
590	20947.7734
591	21241.4727
592	21064.0488
593	20954.79
594	21088.1055
595	21042.998
596	20884.625
597	20952.7852
598	21162.2832
599	20832.502
600	21183.334
</Trace>
