<Trace>
670
tp3
X	Y	
1	218710.516
2	219083.625
3	218736.141
4	218414.281
5	220196.922
6	219093.875
7	218946.266
8	219928.313
9	218902.188
10	218250.281
11	218866.313
12	218381.484
13	218145.734
14	217265.344
15	217947.922
16	217694.766
17	218396.859
18	218627.484
19	217049.109
20	218015.578
21	217527.719
22	218327.156
23	218464.5
24	217193.609
25	218318.953
26	218160.1
27	218244.141
28	218293.328
29	217780.859
30	218107.813
31	217744.984
32	217337.1
33	217342.2
34	217945.875
35	217584.078
36	216999.9
37	216951.75
38	217517.469
39	217813.656
40	216894.359
41	217684.516
42	217710.141
43	217503.109
44	217828.016
45	216559.25
46	213454.734
47	204407.641
48	194052.109
49	188823.219
50	180822.859
51	174822.484
52	170295.063
53	165783.2
54	160253.266
55	156453.875
56	152442.484
57	148902.719
58	145530.078
59	142417.859
60	139122.859
61	136257.625
62	133946.609
63	131699.125
64	129752.586
65	127803.43
66	125433.766
67	124542.266
68	122507.055
69	120876.789
70	120438.859
71	118533.3
72	117344.563
73	117066.914
74	115412.32
75	114678.844
76	113354.9
77	112987.227
78	111727.328
79	111254.406
80	110473.688
81	109867.188
82	109135.188
83	109055.2
84	108209.891
85	108077.281
86	107908.234
87	107169.305
88	106708.773
89	105899.109
90	105656.219
91	105751.352
92	105149.219
93	105418.4
94	105095.586
95	104457.07
96	104595.695
97	103581.844
98	103985.547
99	103660.758
100	103693.141
101	103192.32
102	102943.438
103	102609.578
104	102582.266
105	102269.672
106	102705.688
107	102100.727
108	101498.844
109	101906.5
110	101877.164
111	101530.2
112	101672.828
113	101857.945
114	101078.055
115	100837.328
116	101117.508
117	100623.906
118	100724.039
119	100693.7
120	100349.813
121	100448.93
122	99549.83
123	100472.195
124	100398.359
125	100394.32
126	99791.54
127	100110.117
128	99704.56
129	99340.49
130	99318.24
131	99075.54
132	99217.12
133	99281.8359
134	99168.58
135	98656.89
136	99232.28
137	98663.97
138	99037.11
139	99051.2656
140	99544.77
141	98512.28
142	98799.47
143	97842.9
144	98074.4453
145	97559.79
146	97917.73
147	97775.16
148	97799.42
149	97916.71
150	97637.65
151	97663.94
152	97686.18
153	96904.63
154	96997.65
155	97369.71
156	96962.26
157	97010.79
158	97356.56
159	96460.81
160	96962.26
161	96629.64
162	96712.54
163	96600.32
164	96191.9
165	96159.55
166	96546.74
167	96208.07
168	96373.87
169	96403.19
170	96097.88
171	96068.56
172	96049.36
173	95609.625
174	96117.09
175	95581.32
176	94941.47
177	96050.37
178	95752.16
179	95564.13
180	94809.0547
181	95173.95
182	94815.12
183	95297.27
184	94383.53
185	94943.49
186	95240.6641
187	94745.375
188	94947.53
189	94570.5156
190	94338.05
191	94484.6
192	94281.45
193	94391.62
194	94297.62
195	93925.69
196	94129.84
197	94415.875
198	94498.76
199	94050
200	93995.42
201	94004.5156
202	93658.875
203	94044.9453
204	93614.41
205	93621.48
206	93888.29
207	93633.61
208	93315.2656
209	93419.35
210	93467.87
211	93536.5859
212	93715.47
213	93086.87
214	93182.875
215	92994.91
216	93344.57
217	93116.18
218	92760.46
219	93073.7344
220	93310.21
221	92666.4844
222	92794.82
223	92887.79
224	92309.77
225	92351.2
226	92211.76
227	91957.12
228	92698.82
229	92089.49
230	92257.23
231	92730.14
232	92221.86
233	92115.76
234	91687.3359
235	92184.48
236	92176.39
237	92201.65
238	92297.65
239	92135.97
240	91626.71
241	91477.17
242	90927.54
243	91749.9844
244	91509.5
245	91309.4453
246	91565.08
247	91230.64
248	91157.89
249	91113.44
250	91642.875
251	90665.87
252	91103.3359
253	91135.6641
254	91032.61
255	90767.91
256	90695.1641
257	90614.3359
258	90775.9844
259	90738.61
260	91367.04
261	90912.38
262	90195.08
263	90086.9844
264	90725.47
265	90805.29
266	90004.14
267	89952.625
268	90365.81
269	89828.37
270	90184.98
271	89976.87
272	90045.56
273	90257.71
274	89565.72
275	90351.6641
276	89618.25
277	89965.76
278	90290.04
279	89811.1953
280	89345.51
281	89535.4141
282	89572.79
283	90261.76
284	89996.06
285	89565.72
286	89410.16
287	89150.55
288	89787.96
289	89160.65
290	89701.0859
291	89288.94
292	89084.89
293	89416.21
294	89135.4
295	89060.65
296	88789.94
297	89644.5156
298	88996
299	88511.1641
300	89014.18
301	88586.9141
302	88671.76
303	88380.87
304	88725.3
305	88699.03
306	88693.9844
307	88909.13
308	87985.95
309	88176.84
310	88724.29
311	87915.25
312	88141.49
313	88287.9453
314	88460.66
315	88259.6641
316	87658.72
317	87905.15
318	87516.32
319	88278.85
320	88109.17
321	87781.94
322	87679.93
323	87392.09
324	87888.99
325	87852.63
326	87400.17
327	87515.3047
328	87854.65
329	87431.4844
330	86988.13
331	87621.35
332	86943.7
333	87638.52
334	87695.08
335	87120.43
336	87451.68
337	87348.67
338	87517.33
339	86898.26
340	86528.65
341	86992.17
342	87136.5859
343	87154.7656
344	86441.8047
345	87148.7
346	86572.08
347	86900.27
348	86547.8359
349	86433.73
350	86835.64
351	87042.67
352	86754.86
353	86029.81
354	86496.3359
355	86201.48
356	86050.01
357	86622.56
358	86586.21
359	86357.99
360	86101.51
361	86393.3359
362	85758.19
363	86179.26
364	85853.1
365	86397.375
366	86053.04
367	86119.68
368	86703.35
369	85822.81
370	86041.93
371	86012.65
372	85623.89
373	86027.79
374	85743.04
375	85289.68
376	85450.23
377	84823.22
378	85548.1641
379	85805.65
380	85005.97
381	85564.32
382	85772.33
383	85135.2
384	85280.59
385	85200.83
386	85023.13
387	85755.16
388	84906.01
389	85204.87
390	84428.46
391	85056.4453
392	84771.73
393	84693.99
394	84738.4141
395	84864.62
396	84743.46
397	84734.375
398	84724.27
399	84772.74
400	84475.9141
401	83799.5156
402	84882.79
403	84346.69
404	84454.71
405	84687.93
406	84098.3359
407	83902.4844
408	84061.99
409	84427.45
410	84122.56
411	84069.0547
412	83829.8
413	84501.16
414	83851
415	84110.45
416	83874.22
417	84327.51
418	83753.08
419	83735.9141
420	83724.81
421	83496.6641
422	84328.5156
423	83939.8359
424	83804.56
425	84250.78
426	83729.86
427	83829.8
428	83825.76
429	83949.93
430	83789.42
431	83964.06
432	83066.64
433	83229.16
434	83124.17
435	83231.17
436	83292.75
437	83533.01
438	83065.625
439	83390.67
440	83172.625
441	83205.94
442	83772.26
443	83068.66
444	83053.5156
445	82553.86
446	83232.19
447	82666.9141
448	82513.4844
449	82353
450	82488.25
451	82166.27
452	82334.83
453	82406.49
454	82936.42
455	82385.3
456	82332.81
457	82231.875
458	81860.45
459	82735.55
460	82149.11
461	82584.14
462	81889.72
463	81704.01
464	81646.4844
465	82174.34
466	81959.36
467	82203.62
468	81937.16
469	81770.625
470	81254.89
471	81877.61
472	81603.0859
473	81890.73
474	81336.64
475	81386.09
476	81654.5547
477	81176.17
478	81346.7344
479	81551.61
480	81178.1953
481	82058.27
482	81206.45
483	81518.3047
484	81357.8359
485	81106.54
486	80995.52
487	81240.7656
488	81309.39
489	81387.1
490	80947.0859
491	80561.5859
492	80980.39
493	80452.59
494	80712.96
495	80760.39
496	80817.9141
497	80666.54
498	80742.23
499	80567.64
500	80996.54
501	80241.69
502	80033.82
503	79923.83
504	80691.7656
505	80165
506	80158.9453
507	79875.39
508	80262.88
509	80773.51
510	79843.1
511	79789.625
512	80270.95
513	80244.72
514	80277.01
515	80063.08
516	79737.15
517	79531.3047
518	79559.56
519	79743.2
520	79265.94
521	80273.9844
522	79922.82
523	79892.55
524	79485.9
525	80054
526	79584.79
527	79818.88
528	80206.375
529	79783.57
530	79769.44
531	78832.08
532	79507.09
533	79653.4
534	79056.07
535	79073.22
536	79111.56
537	78758.43
538	79449.58
539	79262.91
540	79277.04
541	78904.73
542	79118.625
543	78919.86
544	78468.87
545	79214.48
546	78679.73
547	78615.16
548	78648.45
549	78755.4
550	78565.72
551	78669.64
552	78374.03
553	77850.43
554	78366.97
555	78433.5547
556	78770.53
557	78554.625
558	78190.4141
559	77927.1
560	77867.58
561	77925.08
562	78759.44
563	77628.4844
564	77887.76
565	78066.32
566	77430.76
567	77758.625
568	78110.71
569	78324.59
570	77914.99
571	77760.64
572	77730.375
573	77403.52
574	77532.65
575	77705.16
576	78154.09
577	77037.34
578	76966.7344
579	76877.96
580	77276.42
581	77443.875
582	77405.54
583	77262.3
584	76974.8
585	77521.5547
586	77061.5547
587	77165.45
588	76322.17
589	77107.95
590	76665.125
591	76647.98
592	77027.26
593	76456.33
594	76895.11
595	77175.54
596	76633.85
597	76612.67
598	76362.5156
599	76738.76
600	76349.41
601	76590.4844
602	76723.63
603	76715.56
604	76883.01
605	76259.63
606	76388.74
607	76218.28
608	76784.15
609	75727.0859
610	76108.3359
611	75824.9141
612	76468.43
613	76276.78
614	76013.53
615	75695.81
616	75845.0859
617	76122.46
618	75968.14
619	75476.95
620	75995.375
621	75615.13
622	75724.0547
623	75544.53
624	75378.12
625	75008.99
626	75549.57
627	75532.42
628	75238.94
629	74794.18
630	75265.16
631	74846.625
632	75422.49
633	74818.38
634	75194.56
635	75032.19
636	74909.15
637	74449.29
638	74791.16
639	74957.5547
640	74709.47
641	75047.31
642	75086.65
643	74961.59
644	74074.15
645	75467.875
646	74487.61
647	74139.6953
648	74096.3359
649	75079.5859
650	74484.58
651	74643.92
652	74862.76
653	74332.3047
654	74643.92
655	74607.62
656	74694.34
657	74135.6641
658	73945.08
659	73965.24
660	74544.08
661	74359.53
662	73880.54
663	74188.1
664	73936
665	74082.22
666	73883.56
667	73985.4141
668	73743.4
669	73264.44
670	73953.14
</Trace>
