<Trace>
600
D1 470:530(7)
X	Y	
1	127950.539
2	127591.391
3	127329.648
4	127547.766
5	127700.961
6	128257.953
7	128240.711
8	127348.922
9	127659.367
10	127800.383
11	127786.18
12	128155.484
13	126872.125
14	127525.445
15	127716.18
16	127385.445
17	127538.633
18	127188.633
19	127071.969
20	127018.2
21	127044.578
22	127212.984
23	127127.766
24	127310.375
25	126799.086
26	127172.406
27	127161.242
28	127810.531
29	127990.109
30	127504.141
31	126904.586
32	127367.188
33	127366.172
34	126944.148
35	127402.695
36	127900.828
37	126486.648
38	126490.7
39	126964.438
40	126985.742
41	126993.859
42	126041.336
43	127083.133
44	127611.68
45	127075.016
46	126809.227
47	126664.164
48	126823.43
49	126434.914
50	127087.188
51	126847.773
52	122744.32
53	118675.188
54	114377.977
55	112113.18
56	109572.555
57	107307.977
58	105171.477
59	103060.8
60	100976.906
61	99275.7656
62	96925.87
63	95264.92
64	93524.46
65	92550.27
66	90536.55
67	88918.22
68	87615.29
69	86674.07
70	84893.9
71	83690.4844
72	82433.75
73	81446.65
74	81049.0156
75	79097.44
76	78786.68
77	77487.25
78	76643.9453
79	75771.46
80	74949.49
81	73635.51
82	73408.625
83	72755.26
84	71774.27
85	71315.5859
86	70955.7
87	70329.73
88	69482.0547
89	69271.4141
90	68582.06
91	67543.1
92	66978.83
93	66786.38
94	66773.28
95	65667.04
96	65342.6445
97	64576.0352
98	64742.2461
99	63801.4375
100	63653.375
101	63403.59
102	63058.13
103	62677.4336
104	62273.5938
105	61922.1367
106	61697.5742
107	61381.3828
108	61033.99
109	60715.8047
110	60678.55
111	60411.7344
112	60129.82
113	60158.01
114	59504.61
115	59590.18
116	59497.56
117	59143.19
118	58902.5938
119	58545.23
120	58332.832
121	57979.52
122	58162.7148
123	57791.29
124	57599.043
125	57371.5664
126	57336.34
127	56886.4453
128	56733.47
129	56836.125
130	56947.84
131	57058.55
132	56171.9
133	56476.832
134	55950.5
135	55941.44
136	55488.6
137	55464.45
138	55075.0234
139	55601.3047
140	55151.5
141	55279.293
142	54963.332
143	54822.46
144	54711.7773
145	54784.2266
146	54581.98
147	54497.46
148	54777.18
149	54266.043
150	54046.7031
151	54137.2539
152	54274.09
153	53675.45
154	53902.83
155	53564.78
156	53173.43
157	53370.6133
158	53359.5469
159	53308.24
160	53754.9336
161	53086.91
162	52754.9336
163	53313.27
164	52550.7227
165	53245.8633
166	52611.08
167	52920.92
168	52403.85
169	52817.3047
170	52583.918
171	52684.5156
172	52392.79
173	52235.8633
174	52249.9453
175	52296.22
176	52498.41
177	52244.9141
178	52015.57
179	52129.2344
180	52106.0977
181	52063.85
182	51735.9336
183	52425.9844
184	52093.0234
185	51854.625
186	51825.457
187	51819.42
188	51436.19
189	51392.94
190	51386.9063
191	51306.44
192	51415.07
193	51498.5547
194	50779.41
195	51718.8359
196	50807.57
197	51452.2852
198	51301.41
199	51207.87
200	51212.9023
201	51045.9375
202	50887.0273
203	50733.1445
204	50710.01
205	50450.5352
206	51032.8633
207	50739.18
208	51005.707
209	50953.4063
210	51091.2
211	50406.28
212	50766.3359
213	50750.2422
214	50879.9844
215	50996.6563
216	50259.45
217	50378.12
218	50197.0977
219	50385.1641
220	50659.7266
221	49983.8945
222	50396.2266
223	50491.77
224	50761.3047
225	50598.375
226	49945.68
227	50228.2734
228	49955.7344
229	50209.1641
230	50350.97
231	49757.62
232	50163.91
233	49868.2422
234	50704.9844
235	49793.8242
236	49813.9375
237	49965.793
238	50245.37
239	50206.15
240	49931.5977
241	49609.793
242	49957.7461
243	49952.72
244	49801.87
245	49420.74
246	49886.3438
247	49739.52
248	49753.5977
249	49737.5078
250	49654.043
251	49853.16
252	49978.8672
253	49278.95
254	49286.9961
255	49353.3633
256	49496.16
257	49260.85
258	49162.3047
259	49563.5352
260	49188.45
261	49094.93
262	49894.39
263	49291.02
264	49444.875
265	49602.7539
266	48978.2852
267	49372.4727
268	49414.707
269	49201.5234
270	49049.68
271	48935.0469
272	49014.49
273	49552.4727
274	49369.4531
275	49011.47
276	49601.75
277	49142.19
278	49217.61
279	49235.71
280	48928.0078
281	48934.043
282	49071.8047
283	49197.5
284	49120.07
285	48999.4023
286	49103.98
287	49141.1875
288	48876.7266
289	49170.3477
290	48682.66
291	48955.16
292	48565.0156
293	48771.1445
294	48874.7148
295	48717.85
296	49082.8633
297	49559.51
298	48929.0156
299	48770.14
300	48642.4375
301	48976.2773
302	49085.8828
303	48840.5273
304	48385.03
305	48769.1328
306	48714.8359
307	48961.19
308	48800.3047
309	48547.92
310	48434.3
311	48678.6367
312	48590.1523
313	48430.2773
314	48521.7773
315	48528.8164
316	48835.5
317	48933.0352
318	48126.625
319	48732.9375
320	48556.9727
321	48549.9336
322	48886.78
323	48789.2461
324	48576.0742
325	48318.67
326	48618.31
327	48423.2422
328	47566.6055
329	48336.77
330	48104.5078
331	48644.45
332	48562
333	48632.3828
334	48015.0234
335	48052.2227
336	48307.61
337	48171.87
338	48157.7969
339	48414.19
340	48306.6055
341	48095.457
342	48699.7539
343	48046.19
344	48479.5469
345	48028.0938
346	48480.5547
347	47971.79
348	47961.7344
349	48259.3477
350	47953.69
351	48509.71
352	47703.34
353	48242.2539
354	48417.207
355	47920.51
356	48304.5938
357	48502.6758
358	48099.48
359	47946.6523
360	48128.6367
361	48061.2734
362	47566.6055
363	48095.457
364	48596.1875
365	47421.832
366	47788.8
367	47964.75
368	47767.6875
369	47637.99
370	48304.5938
371	47620.9
372	48009.9961
373	47729.48
374	47775.73
375	47781.76
376	47651.06
377	47740.543
378	47594.7578
379	47441.94
380	47570.63
381	47637.99
382	47371.5625
383	47926.543
384	47923.5273
385	47821.98
386	47666.14
387	47567.6133
388	48317.6641
389	47529.4063
390	47854.1523
391	47696.3047
392	47689.2656
393	47849.125
394	47759.6445
395	47665.1367
396	47782.77
397	47641.0078
398	48044.18
399	47608.832
400	47716.41
401	47257.957
402	47554.543
403	47598.78
404	47896.3828
405	47366.5352
406	47395.69
407	47324.3125
408	47354.4727
409	48050.21
410	47791.8164
411	47504.2734
412	47484.1641
413	47731.4922
414	47417.8125
415	47360.5039
416	46892.0156
417	47221.7656
418	47278.0664
419	47714.4023
420	47417.8125
421	46906.09
422	47578.67
423	47490.2
424	47337.3828
425	47405.7461
426	47334.3633
427	47550.52
428	47678.207
429	47276.0547
430	47591.7422
431	47455.0078
432	47182.56
433	46981.49
434	46996.57
435	46942.28
436	47260.9727
437	46945.2969
438	47063.9258
439	46892.0156
440	46780.4258
441	47028.74
442	46885.9844
443	46920.1641
444	47134.3
445	47058.9
446	46765.3477
447	47231.82
448	46899.0547
449	46945.2969
450	47295.1563
451	47131.2852
452	47590.74
453	46613.55
454	46899.0547
455	47642.01
456	47121.23
457	47185.5742
458	46982.4961
459	46877.94
460	47172.5039
461	47089.06
462	46682.9141
463	46976.4648
464	47109.168
465	47115.2
466	47191.6055
467	47022.707
468	47074.9844
469	47050.8555
470	46431.5938
471	46953.34
472	47249.9141
473	46969.4258
474	46533.13
475	46502.97
476	46774.3945
477	47088.0547
478	46763.3359
479	47011.65
480	46742.2266
481	46815.6133
482	46416.5156
483	46981.49
484	46718.0977
485	47014.6641
486	47279.07
487	46667.8359
488	46689.95
489	46797.52
490	46795.5078
491	46730.1641
492	46674.87
493	46919.16
494	46409.48
495	46654.7656
496	47004.6133
497	46637.6758
498	46670.85
499	46915.14
500	46580.375
501	46459.7422
502	46697.9922
503	46411.49
504	46341.12
505	46396.41
506	46932.23
507	46441.65
508	46449.69
509	46704.0234
510	46599.4766
511	46790.48
512	45901.84
513	47003.6055
514	46564.29
515	46715.082
516	46505.9844
517	46358.21
518	46190.3359
519	46592.4375
520	46327.0469
521	46599.4766
522	46355.1953
523	46257.6875
524	46364.2422
525	46462.7578
526	46474.82
527	46578.3633
528	46219.49
529	46490.9063
530	46550.2148
531	46512.0156
532	46269.75
533	46337.1
534	46532.12
535	46446.6758
536	46367.2578
537	46086.7969
538	46367.2578
539	46453.71
540	46421.543
541	46746.2461
542	46738.2031
543	47006.62
544	46598.47
545	46717.0938
546	45915.91
547	46171.24
548	46214.46
549	45737.9922
550	46270.7539
551	46094.84
552	46364.2422
553	45740.0039
554	46161.1836
555	45946.0664
556	46471.8047
557	46201.3945
558	46276.7852
559	46236.58
560	46460.7461
561	46436.62
562	46265.73
563	45771.1641
564	46453.71
565	45873.69
566	46016.4336
567	46281.8125
568	46272.7656
569	46227.53
570	45979.24
571	45994.3164
572	46423.5547
573	45874.7
574	46208.43
575	46212.45
576	45975.22
577	46155.1523
578	45757.09
579	46005.375
580	45916.918
581	45741.0078
582	46415.51
583	46108.9141
584	46044.58
585	46095.8438
586	46057.6445
587	45851.58
588	45800.3125
589	45770.16
590	46379.32
591	46122.9844
592	45881.7344
593	45751.06
594	46195.3633
595	45726.9375
596	45747.04
597	45821.42
598	46338.1055
599	45552.0352
600	46134.043
</Trace>
