<Trace>
600
D1 470:530(8)
X	Y	
1	128432.469
2	127865.313
3	128246.8
4	128285.352
5	128719.609
6	128054.023
7	128210.273
8	127671.539
9	128257.953
10	128831.227
11	127810.531
12	128156.5
13	127555.883
14	127789.227
15	128051.992
16	127568.055
17	127978.945
18	127791.25
19	127829.805
20	127368.195
21	127992.133
22	127797.344
23	128011.414
24	127925.172
25	128430.438
26	127187.617
27	127627.914
28	127376.313
29	127668.492
30	127637.047
31	127949.523
32	126861.977
33	127399.648
34	127280.953
35	127105.445
36	127596.461
37	126836.617
38	127786.18
39	126830.531
40	127702.992
41	127067.914
42	126664.164
43	127449.359
44	127671.539
45	127053.711
46	127226.172
47	127627.914
48	127144
49	126668.227
50	127219.07
51	126952.266
52	122647.992
53	117522.914
54	113811.727
55	109625.2
56	107036.711
57	102655.1
58	101304.633
59	98342.41
60	95970.51
61	93275.85
62	90900.26
63	89076.81
64	87130.53
65	85179.625
66	83062.6
67	81303.3359
68	79636.25
69	78267.0859
70	76958.6641
71	75160.27
72	74006.5859
73	72928.68
74	71642.21
75	70365.01
76	69263.35
77	67811.14
78	67164.23
79	65986.4
80	64543.8
81	63889.07
82	63148.7734
83	62483.0664
84	61171.9375
85	60626.1953
86	60591.96
87	59395.88
88	58386.1836
89	58336.86
90	58000.6563
91	56932.7422
92	56025.9766
93	55493.6328
94	54919.06
95	54479.3477
96	54184.543
97	53246.87
98	52997.375
99	53023.53
100	52433.0234
101	51680.6133
102	51343.6563
103	51191.7773
104	50453.55
105	50417.3438
106	49747.5664
107	50014.0625
108	49912.4922
109	49128.1133
110	48933.0352
111	48330.7344
112	48590.1523
113	47621.9023
114	47734.5078
115	47655.082
116	47459.03
117	47134.3
118	46637.6758
119	46825.668
120	46124.9961
121	46382.3359
122	45761.1133
123	45461.57
124	46039.55
125	45612.3477
126	45592.2422
127	44894.6836
128	44506.73
129	44621.3047
130	44219.293
131	44283.6133
132	44387.1328
133	43628.3672
134	44043.418
135	44064.5234
136	43634.4
137	43116.8672
138	43391.2031
139	43159.07
140	42976.1836
141	42719.9453
142	42968.1445
143	42743.06
144	42876.7031
145	42691.8125
146	42620.47
147	42316.01
148	42486.83
149	42314
150	42089.9336
151	42119.0742
152	41818.6523
153	41897.0234
154	41620.7227
155	41452.9336
156	41333.38
157	41561.44
158	41736.2656
159	41129.43
160	41509.2
161	40973.707
162	40932.52
163	40900.37
164	41372.56
165	40899.3672
166	40618.0742
167	40936.5352
168	40610.0352
169	40656.2461
170	40866.21
171	40389.0273
172	40992.7969
173	40352.8633
174	40063.55
175	40244.37
176	40331.7656
177	40579.9
178	40439.2539
179	40802.92
180	40212.2227
181	39813.4258
182	40154.9648
183	39994.24
184	39724.0234
185	39667.7734
186	39944.01
187	39743.11
188	40073.5977
189	39675.81
190	39765.207
191	39797.35
192	39202.7031
193	39561.2969
194	39609.51
195	39763.2
196	39613.53
197	39157.5039
198	39446.7852
199	39431.72
200	39283.06
201	39240.87
202	39436.7422
203	39357.39
204	39121.3438
205	39142.4375
206	39424.6875
207	39291.0938
208	39385.5156
209	39333.28
210	38796.918
211	38949.59
212	39328.26
213	39220.7852
214	39126.3672
215	38906.4
216	38937.5352
217	39023.9141
218	38956.62
219	39130.3828
220	38624.1641
221	38946.5742
222	38878.2773
223	38546.83
224	38650.28
225	38771.81
226	38998.8047
227	38914.4336
228	39033.96
229	38829.06
230	38531.7656
231	39024.92
232	38637.2227
233	38623.16
234	38530.7578
235	38313.82
236	38258.582
237	39078.1563
238	38164.1758
239	38742.6836
240	38637.2227
241	38512.68
242	38659.32
243	38593.03
244	38516.7
245	38206.3555
246	38137.06
247	38275.6563
248	38468.49
249	38524.7344
250	37908.0742
251	38367.05
252	38332.9023
253	38063.7422
254	38077.8047
255	38434.34
256	38283.6875
257	37984.4023
258	37969.34
259	38105.9258
260	37999.47
261	38518.707
262	37566.62
263	37902.05
264	38023.57
265	38506.6563
266	37966.3242
267	37914.1
268	37884.9766
269	38051.69
270	37953.27
271	38264.6055
272	37683.1172
273	37801.62
274	37967.33
275	37991.4336
276	37861.88
277	37925.15
278	37871.92
279	37997.457
280	37593.74
281	38002.48
282	37745.3828
283	37604.7852
284	37644.957
285	37438.08
286	37943.2266
287	37464.19
288	37550.5547
289	37720.2734
290	37607.7969
291	37758.4375
292	37633.91
293	37869.9141
294	37301.5039
295	37828.74
296	37670.0625
297	37635.918
298	37445.11
299	37343.68
300	37345.69
301	37357.7422
302	37411.97
303	37441.0938
304	37290.457
305	37399.918
306	37311.5469
307	37103.6758
308	37668.0547
309	37407.9531
310	37182.0039
311	37232.21
312	36996.2266
313	37131.793
314	37042.418
315	37453.1445
316	37382.8477
317	37457.16
318	37515.4063
319	37324.6
320	37483.27
321	37305.52
322	37227.19
323	37034.3828
324	37604.7852
325	37155.8945
326	37434.0625
327	37089.6133
328	37116.73
329	36870.7031
330	37466.2
331	37346.6953
332	37117.7344
333	37394.9
334	36931.957
335	37320.5859
336	36682.92
337	36931.957
338	37215.14
339	37257.3164
340	37085.5977
341	36797.4
342	36753.2148
343	36948.0234
344	37179.9922
345	36656.8164
346	37058.4844
347	36887.7734
348	36515.23
349	36907.8555
350	36869.7
351	36901.832
352	36978.15
353	36905.8477
354	37226.1875
355	36946.0156
356	37006.2656
357	36889.78
358	36940.9961
359	36584.5156
360	36975.1367
361	36968.11
362	36649.7852
363	36576.4844
364	36840.58
365	36386.7031
366	36818.4844
367	36782.3359
368	36658.8242
369	36987.1875
370	36577.49
371	36595.5625
372	36991.2031
373	36642.7578
374	36799.4063
375	36724.0938
376	36481.09
377	36231.0664
378	37005.26
379	36332.48
380	36541.34
381	36860.66
382	36892.793
383	36847.6055
384	36621.67
385	36939.9922
386	36644.7656
387	36848.61
388	36504.1875
389	36317.418
390	36491.1328
391	36413.8125
392	36720.08
393	36559.4141
394	36496.1523
395	36487.1172
396	36281.27
397	36164.7969
398	36174.8359
399	36643.76
400	36450.97
401	36316.4141
402	36203.957
403	36285.29
404	36032.2539
405	36608.6172
406	36283.28
407	36119.61
408	36694.9727
409	36138.6875
410	36898.82
411	35869.5977
412	36075.43
413	36474.0625
414	36255.1641
415	36619.66
416	36248.1367
417	36218.01
418	36562.4258
419	36438.918
420	36027.2344
421	36335.4922
422	36350.5547
423	36732.13
424	35986.0664
425	36367.625
426	36164.7969
427	36207.9727
428	36425.8633
429	36340.5156
430	36023.22
431	35836.46
432	36083.4648
433	35947.9141
434	36309.3867
435	36212.9922
436	35720.9961
437	35981.0469
438	35993.0977
439	36228.0547
440	36087.48
441	35891.6875
442	35838.47
443	36176.8438
444	36073.42
445	36041.293
446	36158.77
447	36106.56
448	35642.68
449	35993.0977
450	35937.87
451	35868.5938
452	35619.59
453	35885.66
454	36038.28
455	35936.8672
456	35955.9453
457	35898.7148
458	35927.832
459	35535.25
460	36012.1758
461	35757.14
462	35615.5742
463	35771.2
464	35768.1875
465	35633.6445
466	35790.2773
467	35731.0352
468	35801.32
469	35923.8164
470	35550.3125
471	35713.97
472	35836.46
473	35836.46
474	35597.5
475	35879.6367
476	35844.4961
477	36072.418
478	36190.9023
479	35711.96
480	35460.9531
481	35684.85
482	35646.7
483	35958.957
484	35908.7539
485	35400.71
486	35633.6445
487	35384.65
488	35655.7344
489	35677.8242
490	35533.2422
491	35430.832
492	35573.4023
493	35985.0625
494	35661.7578
495	35477.0156
496	35703.93
497	35605.53
498	35445.89
499	35195.9
500	35581.4336
501	35543.28
502	35364.5664
503	35287.26
504	35802.3242
505	35459.95
506	35462.96
507	35205.9375
508	35753.125
509	35384.65
510	35604.5273
511	35532.24
512	35569.3867
513	35008.1523
514	35410.7539
515	35251.1172
516	35580.43
517	35836.46
518	35764.17
519	35236.0547
520	35305.332
521	35307.34
522	35396.6953
523	35296.2969
524	35525.21
525	35617.582
526	35825.418
527	35219.9922
528	35403.7227
529	35270.19
530	35277.22
531	35390.67
532	35452.92
533	35259.15
534	35429.83
535	35210.957
536	35327.418
537	35691.88
538	35210.957
539	34953.94
540	35404.7266
541	35177.8242
542	35432.84
543	35215.9766
544	35230.03
545	35020.2
546	35164.7734
547	35157.7461
548	35381.6367
549	35088.4727
550	35173.81
551	35247.1
552	35129.6328
553	35170.7969
554	35133.65
555	35252.12
556	34995.1
557	34992.09
558	34913.78
559	35329.43
560	35362.56
561	35202.9258
562	35047.31
563	35073.41
564	35054.3359
565	34919.8047
566	35062.3672
567	34802.3438
568	35174.8125
569	35174.8125
570	34992.09
571	34874.63
572	35368.582
573	35087.47
574	35300.3125
575	34651.7539
576	34971.0078
577	35120.5977
578	35078.43
579	34877.64
580	35038.2734
581	35018.19
582	34853.543
583	34931.85
584	34738.09
585	34879.65
586	34956.9531
587	34904.7461
588	35128.63
589	34698.9375
590	34939.8828
591	34830.4531
592	35094.4961
593	34907.7578
594	34881.6563
595	34977.03
596	35053.332
597	34622.64
598	34666.8125
599	34718.01
600	34817.4023
</Trace>
