<Trace>
450
D1 470:530(9)
X	Y	
1	161302.141
2	161144.3
3	160255.3
4	161551.656
5	161399.9
6	160903.969
7	160876.469
8	160741.031
9	161942.734
10	160539.4
11	161691.188
12	161492.6
13	161263.453
14	160393.781
15	161051.625
16	160522.1
17	161312.328
18	160103.578
19	160678.9
20	161309.281
21	159711.563
22	160332.688
23	160220.672
24	161355.109
25	160921.281
26	159926.4
27	161813.391
28	160879.531
29	160548.563
30	160415.172
31	160862.219
32	160254.281
33	160814.344
34	160599.484
35	160434.516
36	160253.266
37	160429.422
38	160478.313
39	161134.109
40	160184.016
41	161091.344
42	161105.6
43	161133.1
44	160462.016
45	160847.953
46	160167.734
47	160968.125
48	160873.4
49	160564.859
50	160924.328
51	159663.7
52	155801.469
53	151159.656
54	147889.875
55	144397.688
56	141364.1
57	138434.141
58	135467.6
59	132355.859
60	129761.719
61	127528.492
62	124875.93
63	122288.047
64	119880.32
65	117614.117
66	116328.234
67	113594.953
68	111059.984
69	110190.18
70	108132.953
71	105668.367
72	104400.406
73	102099.719
74	101908.523
75	99666.13
76	98030.97
77	95951.3047
78	95204.27
79	93617.44
80	92116.77
81	90985.125
82	89547.54
83	87799.1
84	87072.96
85	86154.0156
86	84568.8
87	83572.375
88	82606.35
89	82186.45
90	81021.7656
91	79981.34
92	78862.34
93	77806.04
94	77095.85
95	76251.57
96	75500.15
97	74882.93
98	73854.32
99	73658.6953
100	72341.88
101	71560.5547
102	70986.95
103	70116.04
104	69719.92
105	68924.71
106	68740.29
107	67658.9844
108	67735.57
109	66889.16
110	65760.73
111	66299.7344
112	65488.72
113	64869.17
114	64171.1
115	63719.85
116	63900.15
117	63162.875
118	62296.7578
119	62491.12
120	61825.46
121	61937.2422
122	61334.0547
123	60757.09
124	60277.8242
125	59749.25
126	59604.2773
127	59524.7422
128	58884.4727
129	58343.9063
130	57942.2734
131	58315.72
132	57662.4531
133	57609.1055
134	57323.2578
135	57378.6133
136	56784.7969
137	56448.6523
138	55886.0938
139	55998.8047
140	55395.0156
141	55132.38
142	54803.3438
143	54833.5273
144	54957.293
145	54716.81
146	54497.46
147	54084.9375
148	53647.28
149	53795.1758
150	53225.7422
151	53568.81
152	53295.16
153	52975.2461
154	53224.74
155	52187.58
156	52664.3945
157	52409.8867
158	52063.85
159	52154.3828
160	51509.6172
161	52057.8164
162	51708.7773
163	51308.4531
164	50959.44
165	50920.2148
166	51216.92
167	50610.4453
168	50770.36
169	50901.1055
170	50336.89
171	50159.8867
172	50080.4375
173	50560.1563
174	50145.81
175	50269.5078
176	49328.2266
177	49373.4766
178	49641.9727
179	49535.38
180	49204.54
181	49306.1
182	48927.0039
183	48803.3242
184	48942.0859
185	48912.9258
186	48582.11
187	48368.9453
188	48325.707
189	48121.5977
190	48206.06
191	48432.29
192	48352.8555
193	47840.08
194	48068.3125
195	47636.9844
196	47719.4258
197	47592.7461
198	47449.9844
199	47562.5859
200	47477.13
201	47726.4648
202	47286.11
203	46884.98
204	47208.6953
205	47294.1523
206	47098.11
207	47335.37
208	46627.625
209	47213.7227
210	46713.0742
211	46940.2734
212	46562.28
213	46507.9961
214	46621.59
215	46535.1367
216	46197.37
217	46473.8164
218	46361.2266
219	46420.54
220	45984.2656
221	46187.32
222	45736.99
223	45693.7656
224	45670.6445
225	46258.69
226	45634.46
227	46052.62
228	45894.8
229	45906.8633
230	45545
231	45446.4961
232	45780.21
233	45659.59
234	45497.7578
235	46049.6055
236	45175.11
237	45253.5078
238	45553.043
239	45510.8242
240	45149.98
241	45163.0469
242	45051.48
243	44895.69
244	45254.51
245	45145.96
246	45132.8945
247	45493.74
248	44694.6758
249	45071.582
250	44977.1
251	44919.8125
252	44937.9023
253	44988.16
254	44741.9141
255	44902.7266
256	45087.6641
257	44961.02
258	44709.75
259	44712.7656
260	44283.6133
261	44792.168
262	45199.23
263	44271.5547
264	44499.6953
265	44071.56
266	44204.22
267	44356.98
268	44414.2656
269	44520.8
270	44500.7
271	44164.02
272	44149.95
273	44259.4922
274	44298.6875
275	44057.49
276	44131.86
277	44177.082
278	44017.29
279	44108.7422
280	43955.9844
281	43973.07
282	43743.9375
283	44057.49
284	43615.3047
285	44191.1523
286	43595.2031
287	44020.3047
288	43680.625
289	43731.88
290	43943.9258
291	43457.5273
292	43680.625
293	43448.4844
294	43294.7344
295	43583.1445
296	43543.9531
297	43305.7852
298	43478.6328
299	43170.125
300	43611.2852
301	43764.0352
302	43369.0977
303	43446.4766
304	43392.21
305	43376.13
306	43320.86
307	43124.9063
308	43341.9648
309	42881.7266
310	43520.84
311	42671.7148
312	42941.0156
313	43077.6758
314	43276.6445
315	43189.22
316	42794.3047
317	42875.7
318	42847.5625
319	43017.3828
320	42944.0273
321	43350.0039
322	42627.5
323	42799.33
324	43111.8438
325	42788.2773
326	42755.1172
327	42703.8672
328	42751.0977
329	42621.4727
330	43080.69
331	42876.7031
332	42892.78
333	42614.4375
334	42803.3477
335	43054.5625
336	42672.72
337	42782.2461
338	42789.28
339	42793.3
340	42712.9141
341	41920.13
342	42352.1836
343	42505.918
344	42526.0156
345	42722.96
346	42688.7969
347	42535.06
348	42583.29
349	42420.5078
350	42207.4922
351	42338.1172
352	42404.4336
353	42617.4531
354	42474.77
355	42251.7031
356	42394.3828
357	42185.3867
358	42520.9922
359	42290.89
360	42042.71
361	41941.23
362	42161.2734
363	42334.0977
364	42102.9961
365	42405.4375
366	42657.65
367	41944.2461
368	42300.9375
369	42020.6055
370	42026.6328
371	42091.9453
372	41783.4844
373	41570.4844
374	42337.11
375	42066.8242
376	42060.7969
377	42047.7344
378	41867.8828
379	41538.3359
380	41690.0469
381	42026.6328
382	41963.3359
383	41692.0547
384	41821.6641
385	41469.01
386	41566.4648
387	41460.9727
388	41748.32
389	41779.47
390	41367.5352
391	41787.5039
392	41857.8359
393	41737.27
394	41835.73
395	41613.6875
396	41839.75
397	41594.5977
398	41551.3945
399	41594.5977
400	41379.5938
401	41918.12
402	41455.95
403	41578.5234
404	41381.6
405	41146.5078
406	41364.5234
407	41137.4648
408	41454.9453
409	41524.27
410	41628.7578
411	41335.3867
412	41433.8477
413	41009.875
414	41450.9258
415	41532.3047
416	40873.2461
417	41199.7539
418	41365.5273
419	41373.5664
420	41211.8125
421	41562.45
422	41168.61
423	41116.3672
424	41163.5859
425	41121.39
426	41176.65
427	41004.85
428	40925.4844
429	40700.45
430	41135.457
431	41396.67
432	41215.832
433	41019.92
434	41175.6445
435	41143.4961
436	40939.55
437	40788.8555
438	40872.2422
439	40966.6758
440	41150.5273
441	40972.7031
442	41053.0742
443	40780.82
444	41054.082
445	40932.52
446	40940.5547
447	40730.59
448	41000.832
449	40678.3477
450	40555.79
</Trace>
