<Trace>
450
D1 470:530(10)
X	Y	
1	165756.7
2	166073.6
3	166863.313
4	165706.781
5	165078.141
6	166064.422
7	166162.234
8	166152.047
9	164999.688
10	166082.766
11	165375.641
12	165212.625
13	165513.188
14	166225.422
15	165190.219
16	165078.141
17	165009.875
18	165222.813
19	164431.2
20	165673.156
21	165285.984
22	164910.031
23	165372.6
24	165111.766
25	165550.891
26	165918.719
27	165349.156
28	165271.719
29	165528.469
30	165535.609
31	165538.656
32	165125
33	164873.359
34	164324.234
35	165276.813
36	165309.422
37	165344.063
38	165265.609
39	164516.781
40	165143.344
41	165700.672
42	164809.172
43	166008.375
44	165155.578
45	165058.781
46	164441.391
47	165175.953
48	165427.609
49	165666.031
50	165842.3
51	165114.813
52	161899.969
53	157156.219
54	152384.484
55	149866.859
56	145982.469
57	142828.422
58	140592.9
59	137029.453
60	134445.109
61	131227.172
62	129536.445
63	127062.844
64	124072.711
65	121473.906
66	119214.391
67	117392.188
68	114953.383
69	113151.313
70	110884.8
71	108495.367
72	106873.75
73	104838.555
74	103400.734
75	102538.766
76	99510.39
77	98358.5859
78	96534.61
79	95215.4
80	94150.0547
81	93039.375
82	91871.2344
83	89291.97
84	88333.39
85	87136.5859
86	85923.79
87	85089.7656
88	83694.52
89	82238.9453
90	81342.6953
91	80358.75
92	79372.89
93	78362.93
94	76813.41
95	76369.58
96	75473.93
97	74713.5
98	73510.47
99	72987.16
100	72116.05
101	71109.94
102	70096.88
103	70025.32
104	69280.4844
105	68508.49
106	67535.04
107	66437.7656
108	66009.58
109	65730.51
110	64600.21
111	64528.69
112	63571.793
113	63092.375
114	62584.78
115	61719.7266
116	61253.5
117	60544.6367
118	60486.24
119	59996.92
120	59409.9727
121	58756.625
122	58639.8555
123	57898.9922
124	57763.1055
125	57370.5625
126	56604.6445
127	56357.07
128	56241.3359
129	55569.1
130	55197.7852
131	54300.25
132	54096.0039
133	54247.93
134	54018.53
135	53435
136	53046.67
137	53097.9766
138	52419.95
139	52016.5742
140	51771.14
141	51097.2344
142	51417.082
143	51109.3047
144	50827.6875
145	50747.2266
146	50403.2656
147	50175.9766
148	49815.95
149	49245.7656
150	49454.93
151	49114.0352
152	48398.1
153	48656.5156
154	48086.41
155	48230.1875
156	47837.0625
157	47898.39
158	47484.1641
159	47512.3164
160	47292.14
161	46892.0156
162	46463.76
163	46563.2852
164	45940.0352
165	46165.207
166	46156.1563
167	45789.2578
168	45753.07
169	45979.24
170	45452.5273
171	45465.5938
172	44989.1641
173	45000.22
174	44655.4766
175	44669.55
176	44299.6953
177	44216.2773
178	44413.26
179	44223.3125
180	44056.4844
181	43713.79
182	43833.38
183	43607.2656
184	43712.78
185	43537.92
186	43225.3945
187	43158.0664
188	43043.51
189	42911.87
190	42732.0039
191	42844.5469
192	42326.06
193	42692.8164
194	42434.58
195	42476.7773
196	42777.2227
197	42070.8438
198	41934.1953
199	41812.625
200	41884.9648
201	41843.77
202	42078.8828
203	41733.25
204	41276.11
205	41589.5742
206	41653.875
207	41398.6836
208	41256.0156
209	41256.0156
210	41066.1367
211	41670.957
212	41151.53
213	40944.5742
214	40758.72
215	40796.8945
216	40853.1523
217	40575.88
218	41014.9
219	40796.8945
220	40570.8555
221	40389.0273
222	40507.5664
223	40258.4336
224	40376.9727
225	40041.45
226	40033.4141
227	40241.3555
228	40535.6953
229	40430.2148
230	39742.1055
231	40163
232	40112.7734
233	39653.71
234	39595.45
235	39685.85
236	39738.0859
237	39597.457
238	39372.457
239	39585.4023
240	39366.43
241	39362.41
242	39486.9648
243	39326.25
244	39112.3047
245	39509.0625
246	39352.3672
247	39159.51
248	38943.5625
249	38685.4336
250	39260.96
251	39274.02
252	39523.125
253	38741.68
254	38827.05
255	38727.6172
256	39144.4453
257	39000.8125
258	38776.832
259	38663.3359
260	38728.62
261	38889.3242
262	38771.81
263	38674.3828
264	38950.5938
265	38646.26
266	38532.77
267	38784.8672
268	38372.07
269	38561.8945
270	38548.84
271	38445.39
272	38382.1133
273	38616.13
274	38465.4766
275	38299.7578
276	38083.83
277	38108.9375
278	37608.8
279	38089.8555
280	38223.43
281	37925.15
282	38001.4766
283	37847.82
284	38033.6133
285	37893.01
286	37966.3242
287	37863.8867
288	37955.2773
289	37681.11
290	37798.61
291	37828.74
292	37868.91
293	38087.8477
294	38117.9766
295	37850.832
296	38038.6367
297	37439.082
298	37835.7656
299	37804.6328
300	37349.707
301	37476.2422
302	37982.3945
303	37369.793
304	37729.3125
305	37672.07
306	37525.45
307	36968.11
308	37635.918
309	37164.93
310	37466.2
311	37401.9258
312	37562.6055
313	37468.207
314	37255.31
315	37313.5547
316	36955.0547
317	37051.457
318	37238.24
319	37077.5664
320	36930.9531
321	36932.96
322	37255.31
323	37196.0625
324	37307.5273
325	37097.65
326	36810.4531
327	36987.1875
328	37189.03
329	37325.6055
330	36996.2266
331	36833.5469
332	36676.9
333	36718.07
334	36881.75
335	37047.4375
336	36651.793
337	36994.2148
338	36628.7
339	36877.73
340	36876.7266
341	37082.5859
342	36974.1328
343	36889.78
344	36715.0547
345	36837.5664
346	36723.09
347	36901.832
348	36262.19
349	36387.707
350	36786.35
351	36545.3555
352	36543.3477
353	36379.6758
354	36830.5352
355	36375.6563
356	36581.5039
357	36453.98
358	36437.9141
359	36245.125
360	36423.8555
361	36598.5742
362	36543.3477
363	36300.3477
364	36503.1836
365	36021.21
366	36440.9258
367	36181.8633
368	36389.7148
369	36315.41
370	36590.543
371	36303.3633
372	36074.4258
373	36305.37
374	36409.7969
375	36107.5625
376	36190.9023
377	36440.9258
378	36003.1367
379	36063.3828
380	36349.55
381	36057.36
382	35930.8438
383	36153.75
384	36120.6172
385	36168.8125
386	36369.6328
387	36036.2734
388	35667.78
389	35914.7773
390	35810.3555
391	35868.5938
392	35751.1172
393	35787.2656
394	35709.9531
395	35954.94
396	35897.71
397	36256.168
398	35964.9844
399	35950.9258
400	35830.4375
401	36030.2461
402	36164.7969
403	35818.39
404	35910.76
405	35802.3242
406	35649.71
407	35609.5469
408	35665.7734
409	35446.9
410	35688.8672
411	35697.9023
412	35688.8672
413	35531.2344
414	35583.4453
415	35425.8125
416	35791.28
417	35837.4648
418	35557.34
419	35486.0547
420	35593.4844
421	35570.39
422	35345.4922
423	35655.7344
424	35242.082
425	35678.83
426	35352.52
427	35409.75
428	35524.207
429	35749.11
430	35494.0859
431	35546.293
432	35655.7344
433	34915.79
434	35377.62
435	34962.9766
436	35113.57
437	35246.0977
438	35611.5547
439	35175.8164
440	35369.5859
441	35284.2461
442	35224.0078
443	35326.4141
444	34963.98
445	35298.3047
446	35278.2227
447	34975.0234
448	35036.2656
449	35321.3945
450	35495.09
</Trace>
