<Trace>
600
D1 470:530(3)
X	Y	
1	123184.391
2	123006.938
3	123734
4	122886.273
5	122853.828
6	122803.125
7	123137.742
8	122890.328
9	121916.961
10	123115.438
11	122820.367
12	123053.578
13	122414.781
14	123501.781
15	121986.914
16	122285
17	122087.289
18	122347.867
19	122506.039
20	122285
21	122551.664
22	122063.969
23	122343.813
24	123020.117
25	122646.977
26	122445.2
27	122702.742
28	122595.266
29	122089.32
30	122115.68
31	122345.836
32	122385.383
33	121981.844
34	122726.063
35	122490.828
36	121958.523
37	122251.539
38	122457.367
39	122568.9
40	122206.93
41	122538.484
42	122706.8
43	122417.828
44	122851.8
45	121599.625
46	122137.984
47	121839.906
48	122076.141
49	121687.828
50	121892.625
51	122112.641
52	120692.289
53	114814.594
54	113465.305
55	108851.719
56	106373.766
57	104173.75
58	101482.664
59	99345.55
60	96877.3359
61	94855.5547
62	93069.69
63	90602.22
64	89348.53
65	87565.8047
66	86098.48
67	84275.01
68	83530.9844
69	81760.53
70	80564.61
71	78902.7
72	77838.32
73	76471.45
74	75468.88
75	74078.19
76	72820.79
77	72563.69
78	71101.87
79	69854.98
80	69086.98
81	68744.32
82	67736.58
83	66811.57
84	65861.48
85	65295.2969
86	64463.22
87	64219.45
88	63648.34
89	62628.0859
90	61933.2148
91	61588.82
92	61176.9727
93	60279.8359
94	59726.0938
95	58910.65
96	58725.418
97	58172.78
98	57784.2461
99	57175.3
100	57124.9766
101	56471.8
102	56093.4023
103	55854.9
104	56091.3867
105	54815.418
106	55418.16
107	54525.6328
108	54269.06
109	53742.86
110	53557.74
111	53279.0625
112	52948.082
113	52778.07
114	52822.332
115	52326.3945
116	51908.9453
117	51020.793
118	51719.84
119	51371.82
120	50856.85
121	50866.91
122	50644.64
123	50648.6641
124	50135.75
125	49841.09
126	49893.3828
127	49295.04
128	49531.3555
129	49167.332
130	49186.4375
131	48542.8945
132	48846.56
133	48977.28
134	48615.29
135	48138.69
136	48095.457
137	48460.4453
138	48055.24
139	47875.2656
140	47483.16
141	47062.92
142	48070.32
143	47367.543
144	47220.76
145	47064.9336
146	46940.2734
147	46959.37
148	46571.33
149	46353.1836
150	46218.4844
151	46540.1641
152	46353.1836
153	46229.54
154	46008.39
155	45611.34
156	45805.34
157	45524.9
158	45428.4023
159	45632.45
160	45432.42
161	45672.6563
162	45476.65
163	45443.48
164	45542.99
165	45280.65
166	45460.5664
167	45103.7461
168	45033.3867
169	45250.4922
170	45087.6641
171	44798.2
172	44567.0352
173	44623.3164
174	44445.42
175	44584.12
176	44304.72
177	44508.7422
178	44500.7
179	44361
180	44325.8242
181	43798.2031
182	43853.4766
183	43924.832
184	43993.168
185	44059.5
186	43776.0938
187	43872.57
188	43890.66
189	43745.9453
190	43872.57
191	43993.168
192	44219.293
193	43507.7734
194	43597.2148
195	43992.1641
196	43549.98
197	43070.64
198	43535.9141
199	43708.76
200	43535.9141
201	43226.4
202	43318.85
203	43425.37
204	43171.13
205	43640.4258
206	43142.9922
207	43407.28
208	43526.8672
209	42829.4727
210	43277.65
211	42958.0977
212	42444.625
213	43012.36
214	42791.29
215	43074.66
216	42900.82
217	42959.1
218	42864.6445
219	42859.62
220	42864.6445
221	42712.9141
222	42749.0859
223	42652.62
224	42831.4844
225	42753.1055
226	42395.39
227	42508.9336
228	42284.8633
229	42333.0938
230	43067.63
231	42460.7031
232	42526.0156
233	42869.668
234	42347.16
235	42596.35
236	42322.04
237	42571.23
238	42481.8047
239	42142.1836
240	42456.6836
241	42571.23
242	42551.1367
243	42458.69
244	42343.14
245	42265.77
246	42307.9727
247	42507.93
248	42453.668
249	42286.87
250	42006.54
251	42423.5234
252	42231.61
253	41952.28
254	42283.8555
255	42240.6523
256	42035.6758
257	41820.66
258	42029.65
259	41797.55
260	41930.18
261	42049.7461
262	41985.44
263	42437.59
264	41933.19
265	41958.3125
266	41833.7227
267	41564.457
268	42209.5039
269	41963.3359
270	41627.7539
271	41990.4648
272	41695.07
273	41758.3672
274	41742.293
275	42056.7773
276	41615.6953
277	41627.7539
278	41914.1
279	41509.2
280	41693.06
281	41807.6
282	41378.59
283	41725.21
284	41746.3125
285	41776.4531
286	41530.2969
287	41656.89
288	41460.9727
289	41363.52
290	41674.9766
291	41288.168
292	41693.06
293	41422.793
294	41324.3359
295	41186.6953
296	41448.918
297	41031.9766
298	41103.31
299	41459.97
300	41236.93
301	41600.625
302	41144.5
303	41014.9
304	41224.87
305	41654.8828
306	41746.3125
307	41373.5664
308	41357.49
309	41291.18
310	41526.2773
311	41390.6445
312	41199.7539
313	41451.93
314	41174.64
315	41360.5039
316	41047.0469
317	41039.01
318	41207.793
319	41108.332
320	41136.46
321	41053.0742
322	41432.84
323	40937.543
324	40976.7227
325	40564.83
326	41325.34
327	41083.2148
328	40896.35
329	41176.65
330	41231.9063
331	40636.1563
332	41392.6523
333	40818.9961
334	40442.27
335	40854.1563
336	40759.7227
337	40786.8477
338	40170.03
339	41062.1172
340	40812.97
341	40895.3477
342	40676.34
343	40692.4141
344	40914.4336
345	41430.832
346	40863.2
347	40610.0352
348	41234.918
349	40965.67
350	40769.77
351	40639.168
352	40963.66
353	40568.8477
354	40987.7734
355	40279.5273
356	40899.3672
357	40447.293
358	40725.5664
359	40361.9023
360	40716.5234
361	40540.72
362	40793.88
363	40866.21
364	40633.14
365	40692.4141
366	40918.4531
367	40454.3242
368	40845.1172
369	40598.9844
370	40212.2227
371	40429.21
372	40500.5352
373	40772.78
374	40679.3555
375	40915.44
376	40781.8242
377	40195.1445
378	40694.42
379	40200.168
380	40939.55
381	40546.7461
382	40432.2227
383	40242.36
384	40727.5742
385	40686.3867
386	40434.2344
387	40268.48
388	40557.7969
389	40258.4336
390	40367.93
391	40113.7773
392	40336.79
393	40409.1172
394	40507.5664
395	40280.5352
396	40470.4
397	40338.7969
398	40682.3672
399	40368.9336
400	40105.7422
401	40071.5859
402	40214.2344
403	40688.3945
404	40441.2656
405	40091.68
406	40380.9922
407	40340.81
408	40497.5234
409	40321.72
410	40282.543
411	40222.27
412	40660.2656
413	40157.9766
414	40233.32
415	40526.6563
416	40488.48
417	40074.6
418	40327.75
419	40109.7578
420	40258.4336
421	40343.82
422	40093.6875
423	40134.875
424	40363.9141
425	40075.6055
426	39911.8672
427	40363.9141
428	40223.2734
429	40411.13
430	39978.1641
431	40001.27
432	39986.2031
433	39912.87
434	40060.54
435	40203.1836
436	40420.168
437	39967.1172
438	39847.58
439	40125.832
440	40103.73
441	40426.1953
442	40060.54
443	40039.44
444	39854.61
445	39702.93
446	39929.95
447	39856.6172
448	40058.5273
449	39829.4961
450	39674.8047
451	39987.207
452	39912.87
453	40205.19
454	40040.4453
455	40021.36
456	40081.6328
457	39737.082
458	39502.03
459	39835.5234
460	39946.02
461	39874.7
462	39773.2461
463	39903.832
464	40060.54
465	39813.4258
466	39746.12
467	39544.22
468	40241.3555
469	39678.82
470	39970.13
471	39634.625
472	39683.8438
473	39809.4063
474	39918.9
475	40013.3242
476	39737.082
477	39889.7656
478	39736.08
479	39723.02
480	39582.39
481	39911.8672
482	39447.79
483	39875.7031
484	39642.66
485	39347.3438
486	39380.4922
487	39511.0742
488	39630.6055
489	39802.375
490	39634.625
491	39445.78
492	39474.91
493	39586.41
494	40185.1
495	39418.66
496	39957.07
497	39582.39
498	39357.39
499	39561.2969
500	39989.2148
501	39734.07
502	39635.63
503	39715.99
504	39432.7227
505	39506.05
506	39615.54
507	39969.125
508	39554.2656
509	39528.15
510	39579.38
511	39627.5938
512	39194.668
513	39777.26
514	39681.8359
515	39516.0938
516	39688.8672
517	39504.043
518	39317.21
519	39446.7852
520	39179.6
521	39568.33
522	39588.418
523	39182.6172
524	39477.9258
525	39716.9922
526	39636.6328
527	39442.77
528	39452.8125
529	39081.168
530	39459.8438
531	39249.9141
532	38944.5664
533	39350.36
534	39051.0352
535	39477.9258
536	39545.2266
537	39152.48
538	39465.87
539	39276.0273
540	38953.6055
541	38851.1563
542	39290.09
543	38954.61
544	39015.88
545	38927.4922
546	39044.0039
547	39200.6953
548	38756.7422
549	39199.69
550	39343.33
551	38821.0234
552	39158.5078
553	39098.2422
554	38837.0938
555	39084.18
556	39086.19
557	39087.1953
558	39119.3359
559	39263.9766
560	39045.0078
561	39023.9141
562	39012.8672
563	39114.3125
564	38868.23
565	39292.1
566	39279.043
567	38847.14
568	39056.06
569	38824.04
570	39365.4258
571	38758.7539
572	38582.99
573	38835.0859
574	39564.31
575	38695.4766
576	39352.3672
577	38660.3242
578	39104.27
579	38769.8
580	38991.7734
581	39010.86
582	38875.26
583	39414.6445
584	39011.8633
585	38508.6641
586	38640.2344
587	38794.91
588	38732.64
589	38938.54
590	38706.5234
591	38973.6953
592	39027.9336
593	38943.5625
594	39318.2148
595	38426.3047
596	39024.92
597	38953.6055
598	38996.7969
599	38419.2773
600	39118.332
</Trace>
