<Trace>
600
D1 470:530(5)
X	Y	
1	123261.453
2	122907.57
3	122964.352
4	123218.867
5	123080.961
6	122583.094
7	122869.039
8	123070.82
9	122786.906
10	122501.984
11	122803.125
12	123080.961
13	123033.305
14	122612.5
15	122341.781
16	122113.648
17	122661.172
18	123130.648
19	122547.609
20	122402.617
21	122992.742
22	122484.742
23	122217.07
24	122117.711
25	122643.938
26	122084.25
27	122493.867
28	121778.063
29	122316.43
30	122187.664
31	122042.68
32	121717.227
33	122338.742
34	121973.734
35	122109.594
36	121821.656
37	121729.391
38	122516.18
39	122274.859
40	121642.2
41	122085.266
42	121498.242
43	122217.07
44	121966.641
45	122413.766
46	121855.109
47	121683.773
48	121977.789
49	122448.242
50	121907.836
51	122198.82
52	121642.2
53	120976.133
54	117185.469
55	113546.336
56	110096.016
57	106153.133
58	103887.4
59	101673.844
60	99224.1953
61	96618.52
62	93997.4453
63	91876.28
64	90043.55
65	88006.15
66	85557.25
67	83909.5547
68	81937.16
69	80518.19
70	78551.59
71	77051.47
72	75369.04
73	74445.25
74	72975.0547
75	70812.56
76	70071.69
77	68476.25
78	66743.0547
79	65894.72
80	64850.03
81	64002.8867
82	62344.09
83	61725.77
84	59754.2852
85	59507.63
86	58381.15
87	57490.3359
88	56671.07
89	55621.43
90	54937.168
91	53745.88
92	52878.668
93	52186.57
94	51873.74
95	50963.4648
96	50483.7227
97	49386.55
98	48833.49
99	48370.957
100	47166.4727
101	46835.72
102	46073.73
103	45829.4648
104	45097.7148
105	44570.0469
106	44212.2578
107	43346.99
108	43102.7969
109	42459.6953
110	42385.34
111	41564.457
112	41456.9531
113	40780.82
114	40499.53
115	40012.32
116	39513.082
117	39497.01
118	38804.9531
119	38579.9727
120	38639.23
121	37538.5039
122	37645.96
123	36714.05
124	36831.54
125	36465.0234
126	36552.3828
127	36131.66
128	35493.082
129	35506.1328
130	35446.9
131	35006.1445
132	34642.72
133	34439.93
134	34491.13
135	33972.125
136	33505.3477
137	33440.1
138	33389.91
139	32878
140	33054.6563
141	32582.91
142	32404.2539
143	32469.4941
144	32466.4824
145	31979.7129
146	31534.1172
147	31759.9238
148	31521.07
149	31109.6172
150	31180.8672
151	31016.291
152	30956.08
153	30570.7422
154	30339.95
155	30535.6211
156	30263.69
157	30163.3477
158	29964.6738
159	30031.9
160	29635.5664
161	29702.791
162	29676.7051
163	29324.5332
164	29140.9277
165	29222.1953
166	29175.04
167	29104.8086
168	28836.9336
169	28743.6289
170	28608.1914
171	28328.293
172	28496.832
173	28609.1953
174	28622.2363
175	28325.2832
176	28441.6563
177	27799.62
178	28053.418
179	27941.0625
180	27715.3555
181	27478.6172
182	27375.2988
183	27437.49
184	27613.0352
185	27141.5781
186	27095.4375
187	27495.67
188	27075.377
189	27264.957
190	27154.62
191	26969.0527
192	27052.3066
193	26912.88
194	27060.33
195	26672.1543
196	26652.0938
197	26721.3027
198	26352.1973
199	26439.457
200	26509.666
201	26892.82
202	26481.582
203	26453.498
204	26006.1738
205	26275.97
206	26332.1367
207	26108.4746
208	26415.3848
209	26272.96
210	26407.3613
211	26008.18
212	26039.2715
213	26298.0352
214	26067.3535
215	25879.8047
216	26084.4043
217	26099.45
218	25842.6973
219	25759.4551
220	25618.0449
221	25656.1543
222	25672.2012
223	25223.9141
224	26032.252
225	25519.7617
226	25754.44
227	25425.49
228	25554.8613
229	25391.3926
230	25630.0781
231	25459.5879
232	25382.3652
233	25172.7676
234	25533.8
235	25227.9258
236	24917.0449
237	25175.7773
238	25485.6621
239	25485.6621
240	25414.459
241	25097.5547
242	25147.6973
243	25054.4336
244	24816.7637
245	25120.6211
246	25073.4863
247	25299.1289
248	25108.5859
249	25034.377
250	25029.3613
251	24826.793
252	25184.8027
253	24978.2188
254	24857.8789
255	25055.4355
256	25060.45
257	24929.08
258	25060.45
259	24424.6758
260	24872.9219
261	24524.9512
262	24796.709
263	25133.6582
264	24594.1445
265	24712.4727
266	24753.5879
267	24892.9785
268	24719.4922
269	24775.6484
270	24724.5059
271	24795.7051
272	24558.043
273	24731.5254
274	24853.87
275	24770.6348
276	24605.1738
277	24452.752
278	24595.1465
279	24549.0176
280	24520.9414
281	24520.9414
282	24484.8418
283	24530.9688
284	24395.5957
285	24457.7656
286	24707.459
287	24437.71
288	24252.2012
289	24288.3
290	24445.7324
291	24321.39
292	24328.41
293	24210.0859
294	24539.9941
295	24796.709
296	24500.8848
297	24396.5977
298	24235.1543
299	24430.6914
300	24083.7422
301	24346.459
302	24243.1758
303	24248.19
304	24447.7383
305	24550.0215
306	24095.7754
307	24498.8789
308	24040.625
309	24145.91
310	24419.66
311	24349.4688
312	24172.9844
313	24221.1152
314	24183.0117
315	24166.9688
316	24354.4824
317	23986.4785
318	23982.4668
319	24201.06
320	24190.0313
321	24218.1074
322	24438.7129
323	23991.4922
324	24306.35
325	24268.2461
326	24386.57
327	24174.99
328	24092.7656
329	24067.6973
330	23846.1
331	24170.9785
332	23871.166
333	24175.9922
334	24067.6973
335	24132.875
336	24034.61
337	23913.28
338	24160.9512
339	23870.1641
340	24084.7441
341	23973.4434
342	23868.1582
343	24192.0371
344	23873.1719
345	24287.2969
346	23961.41
347	23810.002
348	24251.2
349	23999.5137
350	23983.47
351	23862.1426
352	23955.3945
353	23829.0527
354	23914.2832
355	23836.0723
356	23829.0527
357	23651.5781
358	24119.84
359	23960.4082
360	23995.502
361	23950.38
362	23924.31
363	24035.6113
364	23907.2637
365	23814.0137
366	23810.002
367	23746.832
368	23831.0586
369	23911.2754
370	24021.5723
371	23976.4512
372	23766.8867
373	23972.44
374	23950.38
375	23498.17
376	23915.2852
377	23652.58
378	23818.0234
379	23860.1367
380	23956.3965
381	23739.8145
382	23895.2324
383	23435.002
384	23681.6582
385	24040.625
386	23878.1855
387	23791.9531
388	24085.748
389	23699.707
390	23958.4023
391	23568.3555
392	23904.2559
393	23736.8066
394	23490.1484
395	23879.1875
396	23483.1289
397	23487.14
398	23828.05
399	23773.9043
400	23667.6211
401	23542.2871
402	23823.0371
403	23454.0527
404	23610.4688
405	23327.7188
406	23770.8965
407	23873.1719
408	23618.49
409	23610.4688
410	23960.4082
411	23797.97
412	23620.4941
413	23667.6211
414	23639.5449
415	23444.0254
416	23593.4219
417	23336.7422
418	23432.998
419	23435.002
420	23803.9863
421	23678.65
422	23617.4863
423	23357.7988
424	23567.3535
425	23501.1777
426	23685.668
427	23499.1719
428	23423.9727
429	23475.11
430	23190.36
431	23533.2637
432	23313.6816
433	23531.2578
434	23428.9863
435	23463.0762
436	23430.9922
437	23449.04
438	23271.5723
439	23413.9473
440	23232.4688
441	23586.4043
442	23420.9648
443	23595.4277
444	23536.2715
445	23351.7832
446	23798.9727
447	23561.3379
448	23205.3984
449	23504.1855
450	23343.7617
451	23300.6484
452	23605.4551
453	23386.875
454	23443.0234
455	23387.877
456	23397.9043
457	23370.832
458	23700.709
459	23292.627
460	23489.1465
461	23443.0234
462	23312.68
463	23120.1758
464	23535.2676
465	23024.9277
466	23447.0352
467	23638.543
468	23123.1836
469	23319.6973
470	23448.0371
471	23290.6211
472	23311.6777
473	23136.2168
474	23485.1348
475	23074.0547
476	23735.8027
477	23265.5566
478	23246.5059
479	23172.3125
480	23475.11
481	22981.8164
482	23304.6582
483	23015.9043
484	22847.4688
485	23209.4082
486	22903.6133
487	23346.77
488	23176.3223
489	23239.4883
490	23145.24
491	23242.4961
492	23337.7461
493	23151.2559
494	23074.0547
495	23149.252
496	23353.7871
497	23150.2539
498	23143.2363
499	23156.27
500	23001.8672
501	22995.8516
502	23178.3281
503	22998.86
504	23123.1836
505	23140.2285
506	22894.59
507	23105.1367
508	23022.9219
509	22970.7871
510	23313.6816
511	23173.3145
512	23095.11
513	23189.3555
514	23108.1445
515	22969.7852
516	23197.377
517	23241.4922
518	23059.0156
519	23072.05
520	23279.5918
521	23106.1387
522	23255.53
523	23071.0469
524	23350.78
525	22933.6914
526	23119.1719
527	22858.4961
528	22865.5137
529	23221.44
530	23103.13
531	23001.8672
532	22877.5449
533	23105.1367
534	23175.32
535	22822.4043
536	23107.14
537	23026.9316
538	22870.5273
539	22944.7188
540	23167.2988
541	23219.4355
542	22812.377
543	23040.9688
544	23109.1465
545	23235.4766
546	22681.041
547	22791.3242
548	23341.7559
549	23035.9551
550	22839.4473
551	22765.2559
552	22797.34
553	22842.4551
554	22930.6836
555	23039.9668
556	23068.04
557	22863.51
558	22944.7188
559	23248.5117
560	22974.7969
561	22957.7539
562	22969.7852
563	23050.9961
564	22879.55
565	22718.1348
566	22980.8125
567	22661.9922
568	23050.9961
569	22748.2129
570	23018.9121
571	23021.92
572	22954.7461
573	22920.6563
574	22650.9629
575	22991.8418
576	22728.1621
577	22761.2461
578	23064.03
579	22731.168
580	22889.5762
581	22686.0527
582	22843.457
583	22597.8281
584	22834.4336
585	22979.81
586	22801.35
587	22812.377
588	22838.4453
589	22798.3418
590	22710.1152
591	22751.22
592	22587.8027
593	22585.7969
594	22810.373
595	23122.18
596	22766.26
597	22647.9551
598	22896.5957
599	22671.0156
600	22902.6113
</Trace>
