<Trace>
450
D1 470:530
X	Y	
1	159030.4
2	161122.9
3	160585.234
4	160149.4
5	160752.234
6	160896.844
7	159578.172
8	160247.156
9	159955.938
10	160063.859
11	160424.328
12	159474.313
13	159535.4
14	159977.313
15	159775.7
16	158796.234
17	159237.078
18	159469.234
19	160007.859
20	159647.4
21	159230.969
22	159639.266
23	160181.984
24	159141.375
25	159914.188
26	159846.984
27	159691.188
28	160096.453
29	159649.453
30	160185.047
31	160327.6
32	159408.141
33	160036.375
34	159866.328
35	160531.25
36	160048.6
37	160046.563
38	160208.453
39	159731.922
40	160137.188
41	160102.563
42	159059.922
43	160277.7
44	159773.672
45	159854.109
46	159951.859
47	159963.063
48	160204.391
49	160691.125
50	160119.875
51	160207.438
52	159940.656
53	157181.672
54	152994.938
55	150608.344
56	147165.9
57	145245.438
58	142366.031
59	139984.344
60	138351.859
61	136538.922
62	134253.219
63	131732.625
64	129851.023
65	128031.7
66	125967.289
67	125283.656
68	123510.906
69	122088.305
70	120348.641
71	119087.695
72	118304.258
73	116272.508
74	115338.359
75	114013.305
76	113010.523
77	112154.7
78	110954.672
79	110472.68
80	109469.289
81	108643.164
82	106553.922
83	106503.313
84	106042.82
85	105331.367
86	104627.063
87	103885.375
88	103087.1
89	102856.43
90	101526.156
91	101385.555
92	101011.3
93	100679.539
94	99824.9141
95	99048.2344
96	98955.1953
97	98231.18
98	97947.05
99	97687.19
100	96424.4141
101	96165.62
102	95884.58
103	95962.42
104	95789.5547
105	95274.02
106	94835.3359
107	94344.12
108	94187.45
109	93772.06
110	93917.6
111	93734.67
112	93311.22
113	92912.04
114	92454.27
115	92026.84
116	91948.02
117	92321.9
118	92007.64
119	91179.11
120	91964.1953
121	90995.23
122	90755.78
123	90863.88
124	90159.72
125	90344.59
126	89825.3359
127	90003.13
128	89645.52
129	90085.98
130	89566.73
131	89298.02
132	89184.89
133	89960.7
134	88914.18
135	89118.23
136	89079.8359
137	89103.07
138	88491.97
139	88836.41
140	87934.44
141	88395.01
142	88253.6
143	88338.4453
144	87553.69
145	88131.39
146	88036.45
147	87933.43
148	87968.78
149	87184.0547
150	87469.86
151	87957.67
152	87890
153	87018.43
154	87112.35
155	87231.5156
156	86995.2
157	86812.4141
158	86989.14
159	86569.05
160	87096.1953
161	87360.79
162	87008.3359
163	86504.4141
164	86866.95
165	86811.41
166	86632.6641
167	86652.86
168	86519.56
169	86072.22
170	86549.86
171	86305.4844
172	86260.04
173	86331.7344
174	85847.05
175	86126.75
176	86198.4453
177	85920.76
178	85888.4453
179	86310.53
180	85806.66
181	85658.23
182	85890.47
183	85491.625
184	85790.5
185	85675.39
186	85800.59
187	86346.88
188	86045.97
189	84742.45
190	85297.76
191	85391.6641
192	85177.61
193	85080.68
194	84976.69
195	85023.13
196	85115.01
197	85330.07
198	85471.43
199	85068.56
200	85493.64
201	85367.43
202	85770.3047
203	85396.71
204	84980.73
205	85250.3047
206	85042.31
207	85114
208	84795.96
209	85093.8047
210	85014.04
211	84888.84
212	84772.74
213	84758.6
214	84876.7344
215	84549.62
216	84769.71
217	84301.26
218	85328.05
219	84595.05
220	84296.21
221	84381.0156
222	84141.74
223	84994.86
224	85063.5156
225	84234.625
226	83941.86
227	84241.6953
228	84407.2656
229	84263.91
230	84401.2
231	84670.7656
232	84149.82
233	84311.35
234	84270.97
235	84538.51
236	84888.84
237	84630.38
238	84202.32
239	84472.88
240	84342.65
241	84260.875
242	83698.56
243	84130.64
244	83925.7
245	83681.4
246	84203.33
247	83825.76
248	83664.24
249	84570.81
250	83604.68
251	84173.04
252	84202.32
253	83958.01
254	83939.8359
255	83584.49
256	84063
257	84156.89
258	83610.7344
259	83883.3047
260	83979.21
261	83589.54
262	83967.09
263	83509.79
264	83494.65
265	83544.11
266	83712.6953
267	83616.8
268	83590.55
269	83353.32
270	83249.34
271	83915.61
272	83848.98
273	83321.0156
274	83338.18
275	83086.83
276	84090.26
277	83018.19
278	83343.23
279	83298.81
280	83825.76
281	83703.61
282	83429.03
283	83439.125
284	83682.4141
285	83823.74
286	83068.66
287	83359.375
288	83191.8047
289	83533.01
290	83391.68
291	83064.62
292	83190.8
293	83313.95
294	83210.9844
295	83380.58
296	83513.83
297	83385.625
298	83211.99
299	82951.56
300	83163.54
301	82893.0156
302	83232.19
303	83398.74
304	83155.47
305	83447.2
306	83606.6953
307	82770.875
308	83233.1953
309	82939.45
310	83066.64
311	83559.25
312	83286.6953
313	82970.74
314	83000.0156
315	82919.26
316	83283.6641
317	82932.38
318	83092.88
319	83101.97
320	83158.49
321	82292.44
322	83189.79
323	82893.0156
324	83021.21
325	82699.21
326	82739.5859
327	82687.1
328	83609.73
329	83258.43
330	82917.24
331	82822.36
332	82878.88
333	82684.07
334	83010.11
335	82398.42
336	82162.2344
337	82422.64
338	82367.13
339	82523.58
340	83537.05
341	82016.89
342	82984.875
343	82163.24
344	82847.59
345	82938.44
346	82463.0156
347	82385.3
348	82393.375
349	82852.64
350	82479.1641
351	82453.93
352	82697.1953
353	82152.14
354	82818.32
355	82626.54
356	82482.1953
357	82434.76
358	82062.31
359	82486.2344
360	83075.72
361	82008.82
362	82417.59
363	82384.29
364	81967.44
365	82360.06
366	82563.95
367	82407.5
368	82226.83
369	82346.9453
370	82710.31
371	82481.19
372	81808.98
373	82419.62
374	82396.4
375	82343.9141
376	82030.0156
377	82558.91
378	82374.1953
379	82097.63
380	82131.95
381	81883.6641
382	82012.85
383	81954.31
384	82710.31
385	82504.4
386	81888.71
387	82283.35
388	82371.1641
389	82095.62
390	81963.4
391	82365.11
392	81782.7344
393	82092.5859
394	82041.12
395	82369.15
396	81983.5859
397	82521.56
398	82087.55
399	81767.59
400	82223.8047
401	82181.4141
402	82046.1641
403	82154.16
404	81554.64
405	81933.12
406	81936.15
407	82380.25
408	81928.07
409	81998.73
410	82024.97
411	81635.38
412	81878.62
413	81478.9453
414	81406.28
415	81873.57
416	81472.89
417	81529.41
418	82040.1
419	81973.49
420	82305.56
421	82141.04
422	81760.53
423	81863.48
424	81754.48
425	81635.38
426	82143.0547
427	81099.48
428	81878.62
429	81478.9453
430	81832.19
431	81609.14
432	81327.5547
433	81421.4141
434	81357.8359
435	81774.66
436	81662.63
437	81241.77
438	81240.7656
439	81573.81
440	80791.67
441	81648.5
442	81493.07
443	81360.87
444	80999.56
445	82226.83
446	81342.6953
447	81462.8
448	81404.26
449	81539.5
450	81445.64
</Trace>
