<Trace>
600
D1 470:530(2)
X	Y	
1	122251.539
2	123025.188
3	122817.32
4	122431.008
5	122395.516
6	123061.695
7	122880.188
8	122413.766
9	123382.125
10	123088.055
11	123524.094
12	122613.516
13	122554.7
14	122450.273
15	123061.695
16	122553.695
17	123113.406
18	123071.836
19	123076.906
20	122975.5
21	122970.438
22	123169.18
23	123792.82
24	122466.492
25	122265.734
26	122987.672
27	123092.117
28	122554.7
29	122438.1
30	123362.859
31	123132.672
32	122385.383
33	123071.836
34	122054.844
35	122763.578
36	122947.109
37	122595.266
38	122600.336
39	122353.945
40	122373.211
41	122511.109
42	122306.3
43	122888.305
44	122246.477
45	122363.07
46	121697.961
47	122651.031
48	122165.359
49	122374.227
50	123061.695
51	122476.633
52	118982.289
53	114418.5
54	111899.492
55	108067.156
56	105628.9
57	102147.266
58	99922
59	97652.81
60	95432.73
61	93703.34
62	92235
63	90159.72
64	88528.3359
65	87254.75
66	85576.44
67	84283.0859
68	82937.43
69	81740.34
70	80365.81
71	79080.28
72	77680.9453
73	76874.94
74	76695.38
75	75291.38
76	73841.21
77	73309.81
78	72572.7656
79	71810.57
80	70477.9
81	70513.18
82	69508.26
83	68467.18
84	68597.18
85	67811.14
86	66950.62
87	66422.66
88	66208.0547
89	64764.4063
90	64955.8047
91	64248.6641
92	64297.01
93	63900.15
94	63748.0547
95	62855.6953
96	62338.0469
97	62183.9648
98	61694.55
99	61473.0156
100	61693.5469
101	60790.3164
102	60181.168
103	60313.0625
104	60190.2266
105	59895.2344
106	59545.8828
107	59699.918
108	58669.0469
109	58859.3047
110	58699.2461
111	58589.5234
112	57652.3867
113	58011.7266
114	57524.56
115	57547.707
116	57295.0742
117	57207.5078
118	57713.7852
119	56686.1641
120	56910.6
121	56291.6563
122	56313.7969
123	55948.4844
124	55770.3672
125	56120.57
126	55829.74
127	55698.918
128	55566.0859
129	55483.5664
130	55398.0352
131	55071
132	55107.2227
133	55100.18
134	54977.418
135	55237.03
136	55033.77
137	54814.41
138	54413.9453
139	54328.42
140	54364.6445
141	54207.6836
142	54012.4961
143	53853.53
144	53480.2734
145	53694.5664
146	53522.5273
147	53426.9531
148	53500.3945
149	53499.3867
150	53056.73
151	53077.8555
152	53051.7
153	53186.5078
154	53154.3164
155	52867.6
156	53170.41
157	53116.0859
158	53021.52
159	52764.9922
160	52384.74
161	52908.8477
162	52368.6445
163	52281.13
164	52245.92
165	52299.2344
166	52512.4961
167	52028.6445
168	52582.91
169	51769.13
170	52252.96
171	52628.18
172	52188.5859
173	51900.9
174	51968.293
175	51779.1875
176	51603.16
177	51947.168
178	52042.7266
179	51614.2266
180	51916.9922
181	51633.3359
182	51740.9648
183	51878.77
184	51744.99
185	50930.2734
186	51430.1563
187	51465.36
188	51544.82
189	51206.8672
190	51181.72
191	50960.45
192	51119.36
193	51041.9141
194	51087.1758
195	50894.0664
196	51140.4844
197	51487.49
198	50769.35
199	51138.4727
200	50785.4453
201	50721.0742
202	51285.32
203	51217.93
204	51303.42
205	51173.6758
206	51058.0078
207	50764.3242
208	50671.793
209	50659.7266
210	50126.7
211	50714.0352
212	50457.5742
213	50685.875
214	50433.4375
215	50321.8047
216	50668.7773
217	50479.7
218	50744.207
219	50221.2344
220	50860.875
221	50931.28
222	50194.08
223	50630.56
224	50051.2734
225	49940.65
226	50210.17
227	50198.1
228	50549.0938
229	50116.64
230	50201.12
231	50170.95
232	50171.9531
233	49784.7734
234	49962.7734
235	50599.3828
236	50443.4922
237	50323.8164
238	49826.0039
239	50157.875
240	49942.66
241	50187.04
242	50063.34
243	50257.4375
244	50072.39
245	50009.0352
246	49644.9922
247	49858.1875
248	49756.6172
249	50264.4766
250	49707.34
251	50228.2734
252	49762.65
253	49541.4141
254	49750.582
255	49901.43
256	50083.4531
257	49850.14
258	49722.4258
259	49857.18
260	49403.6445
261	49851.15
262	49792.82
263	49953.7227
264	49829.0234
265	49776.73
266	49698.29
267	49583.65
268	49690.2461
269	49911.4844
270	49301.0742
271	49620.8555
272	49732.48
273	49531.3555
274	49515.2656
275	49695.2734
276	49229.6758
277	49469.0078
278	49309.1172
279	49591.69
280	49485.0977
281	49621.8633
282	49534.375
283	49117.0547
284	49104.99
285	49679.1836
286	49090.91
287	49393.59
288	49250.793
289	49149.23
290	49190.46
291	49429.79
292	49205.543
293	49266.8828
294	49503.2
295	49201.5234
296	49029.57
297	49091.9141
298	49196.4922
299	49328.2266
300	49367.44
301	49278.95
302	49179.4
303	49319.1758
304	49050.6875
305	49177.3867
306	48913.9336
307	49412.6953
308	48727.91
309	49889.3633
310	49293.03
311	49453.9258
312	49333.2539
313	48956.1641
314	49182.4141
315	48927.0039
316	49146.2148
317	49310.125
318	48578.0859
319	48694.7266
320	49476.0469
321	48810.3633
322	49103.98
323	49119.0664
324	49629.9063
325	49404.65
326	49148.2266
327	49031.582
328	49216.6055
329	48983.3125
330	49197.5
331	48719.8633
332	48823.4336
333	48780.1953
334	49228.67
335	48772.1523
336	49158.28
337	48962.2
338	48945.1055
339	48851.59
340	49075.8242
341	48701.7656
342	48493.625
343	49037.6133
344	48655.51
345	48531.832
346	49136.16
347	48917.9531
348	48942.0859
349	48973.2578
350	48821.42
351	49025.5469
352	48396.0938
353	48730.9258
354	48616.2969
355	48592.1641
356	48635.4023
357	48321.6875
358	49215.5977
359	48509.71
360	48253.3164
361	48520.7734
362	48612.2734
363	48566.02
364	48664.5625
365	48278.4531
366	48133.6641
367	48516.75
368	48542.8945
369	48365.93
370	48516.75
371	48127.6328
372	48568.03
373	48277.4453
374	48715.8438
375	48834.4922
376	48537.8672
377	48906.8945
378	47994.9141
379	48399.11
380	48183.9375
381	48473.5156
382	48244.2656
383	48411.1758
384	48426.2578
385	48165.84
386	48281.47
387	48382.0156
388	48369.95
389	48277.4453
390	48655.51
391	48446.3672
392	48281.47
393	48295.543
394	48431.2852
395	47887.332
396	48073.34
397	48051.22
398	47998.9336
399	48341.7969
400	48375.9844
401	47934.5859
402	48453.4063
403	48118.582
404	48397.0977
405	48136.68
406	47830.0234
407	48089.4258
408	48003.96
409	48672.6055
410	47794.832
411	48255.3242
412	47887.332
413	48070.32
414	48797.29
415	48318.67
416	47970.78
417	48243.26
418	48038.15
419	48075.3477
420	48092.44
421	48146.7344
422	47939.6133
423	48015.0234
424	48292.5273
425	47625.9258
426	48248.29
427	48489.6
428	47909.4531
429	48031.11
430	47852.14
431	48371.96
432	47865.21
433	47883.31
434	47705.35
435	48069.3164
436	48179.9141
437	48246.2773
438	47768.69
439	48332.7461
440	47705.35
441	48197.0078
442	47421.832
443	47792.8242
444	47987.875
445	47806.9
446	48158.8
447	47833.04
448	47732.4961
449	47684.24
450	47783.7734
451	47893.3633
452	47684.24
453	47967.7656
454	47791.8164
455	47755.62
456	47510.3047
457	47721.4375
458	47898.39
459	48384.0273
460	47714.4023
461	47837.0625
462	47874.26
463	47500.25
464	47358.4922
465	48044.18
466	47817.957
467	47850.1328
468	47304.2031
469	47156.418
470	48084.4
471	47565.6
472	47889.3438
473	47260.9727
474	47286.11
475	48079.37
476	47431.8867
477	47867.2227
478	47427.8633
479	47084.0352
480	47656.0859
481	47459.03
482	47878.2852
483	47251.9258
484	47565.6
485	47773.72
486	47297.168
487	47479.14
488	47842.09
489	47604.8125
490	47735.5156
491	47838.0664
492	47183.5625
493	47858.1758
494	47400.72
495	47324.3125
496	47140.332
497	47202.6641
498	47349.4453
499	47191.6055
500	47479.14
501	47638.9961
502	47678.207
503	47569.625
504	47739.5352
505	47487.1836
506	47260.9727
507	47575.6563
508	47022.707
509	47521.3633
510	47149.38
511	47056.89
512	46949.32
513	47258.9648
514	47206.6836
515	47363.52
516	47102.13
517	47105.1445
518	47315.26
519	47493.2148
520	47087.05
521	47336.375
522	47378.6
523	47354.4727
524	47178.5352
525	47340.4
526	47337.3828
527	47247.9063
528	47039.7969
529	47031.7578
530	47222.77
531	47423.8438
532	47352.46
533	47568.6172
534	47067.95
535	47216.74
536	47489.19
537	47123.2422
538	47606.8242
539	47215.7344
540	46771.38
541	47266
542	47113.1875
543	47208.6953
544	47161.4453
545	47244.8867
546	47128.27
547	47034.7734
548	47212.72
549	46911.1172
550	47008.6328
551	47271.0273
552	47075.9922
553	47413.79
554	46852.81
555	46932.23
556	47111.1758
557	47277.06
558	47092.0742
559	47030.75
560	47390.6641
561	47064.9336
562	47187.582
563	46689.95
564	46608.5234
565	47043.82
566	46595.4531
567	46979.48
568	46954.3477
569	46751.2734
570	46820.64
571	46936.25
572	46541.168
573	46875.93
574	46791.4844
575	47032.76
576	46711.0625
577	46658.7852
578	46965.4063
579	46934.24
580	46910.1133
581	46727.15
582	47054.88
583	46739.21
584	46405.457
585	46687.94
586	47205.68
587	46314.9844
588	46679.9
589	46943.29
590	46803.55
591	46712.0664
592	46967.4141
593	47050.8555
594	46882.97
595	46860.85
596	47105.1445
597	46837.73
598	47006.62
599	46633.6563
600	46541.168
</Trace>
