<Trace>
600
D1 470:530(10)
X	Y	
1	123594.063
2	122897.43
3	122799.07
4	123316.211
5	123079.945
6	123133.688
7	123043.445
8	122630.75
9	122921.766
10	122805.156
11	123179.32
12	123164.109
13	122789.945
14	122417.828
15	122768.648
16	122850.781
17	123446.008
18	122442.156
19	122652.047
20	122643.938
21	122528.344
22	122903.508
23	123224.953
24	122564.844
25	122542.539
26	122583.094
27	122513.133
28	122612.5
29	122276.891
30	122533.414
31	122701.727
32	123241.172
33	122160.289
34	122270.805
35	122652.047
36	122612.5
37	121906.82
38	121658.422
39	122468.523
40	122576
41	122657.117
42	122384.367
43	122480.688
44	121915.945
45	122316.43
46	121886.539
47	122767.641
48	122016.32
49	122009.219
50	122459.4
51	121626.992
52	116809.531
53	108758.578
54	104715.1
55	100819.117
56	96721.64
57	93741.75
58	90570.9
59	86937.64
60	85047.36
61	81900.82
62	79711.92
63	77176.55
64	75190.52
65	72886.33
66	70937.5547
67	69114.19
68	66654.39
69	64370.5469
70	63284.7422
71	61315.93
72	59816.7031
73	58442.5547
74	56797.88
75	55825.7148
76	54012.4961
77	53228.76
78	51466.3672
79	50520.9336
80	49804.8867
81	48507.7031
82	47607.83
83	46598.47
84	45298.74
85	44551.957
86	43827.3477
87	42923.93
88	42523
89	41608.6641
90	40736.6172
91	40453.32
92	39598.46
93	38978.72
94	38673.38
95	37953.27
96	37647.97
97	36359.5938
98	36164.7969
99	35550.3125
100	35512.1563
101	34886.6758
102	34353.5938
103	33720.16
104	33335.707
105	33028.56
106	32682.2754
107	32576.8867
108	32224.6
109	31697.7012
110	31555.1914
111	30819.6035
112	30943.0332
113	30619.9121
114	30395.1387
115	29988.7539
116	29734.8984
117	29459.9824
118	29392.7578
119	28969.3652
120	28516.8965
121	28289.168
122	27952.0977
123	28036.3652
124	27621.06
125	27591.97
126	27702.3145
127	27284.0156
128	27322.1348
129	27100.4531
130	26806.5586
131	26568.8438
132	26548.7832
133	26210.7773
134	26069.3613
135	26247.8867
136	25865.7637
137	25878.8027
138	25806.5918
139	25771.4883
140	25401.42
141	25287.0938
142	25497.6973
143	25199.8457
144	24949.1367
145	25229.9316
146	24911.03
147	24835.8184
148	24575.09
149	24613.1973
150	24607.18
151	24207.0781
152	24492.8633
153	24643.28
154	23879.1875
155	24246.1855
156	24244.18
157	23856.127
158	23701.71
159	23801.98
160	23828.05
161	23535.2676
162	23936.3418
163	23685.668
164	23890.2188
165	23520.2285
166	23564.3457
167	23522.2344
168	23486.1387
169	23531.2578
170	23699.707
171	23189.3555
172	23174.3164
173	23210.4121
174	23312.68
175	23099.1211
176	23047.9883
177	23306.6641
178	22861.5039
179	22835.4375
180	23195.3711
181	23364.8164
182	23047.9883
183	22825.4121
184	22952.74
185	22976.8027
186	22812.377
187	23046.9844
188	22920.6563
189	22955.748
190	22808.3672
191	22691.0664
192	22811.375
193	22695.0762
194	22527.6484
195	22527.6484
196	22765.2559
197	22673.02
198	22436.418
199	22453.46
200	22087.541
201	22416.3672
202	22611.8633
203	22613.87
204	22310.1
205	22387.293
206	22762.248
207	22435.416
208	22326.1387
209	22425.39
210	22243.9316
211	22227.8926
212	22383.2832
213	22414.3613
214	22332.1543
215	22289.0449
216	22252.9551
217	22380.2754
218	22368.2461
219	22263.9824
220	22506.5957
221	22219.8711
222	22354.209
223	22423.3848
224	22336.1641
225	22039.4219
226	22240.9258
227	22357.2168
228	22127.64
229	22057.4668
230	21910.1016
231	22230.9
232	21780.7813
233	22076.5137
234	22179.7715
235	22105.5859
236	22099.57
237	22016.3633
238	21778.7773
239	21889.0488
240	22131.65
241	22179.7715
242	22074.5078
243	22056.4629
244	21814.8652
245	21915.1133
246	21954.209
247	21927.1426
248	22157.7168
249	21827.8984
250	21730.6582
251	21928.1445
252	21840.93
253	21801.834
254	22023.38
255	21773.7637
256	21913.1074
257	21863.9863
258	21815.8672
259	21758.7285
260	21851.957
261	21777.7734
262	21776.7715
263	21893.0586
264	21894.06
265	21518.14
266	21775.77
267	21717.627
268	21936.166
269	21741.6855
270	21711.6113
271	21769.7539
272	21678.5313
273	21609.3613
274	21758.7285
275	21448.9727
276	21736.6738
277	21704.5957
278	21838.9258
279	21638.4336
280	21813.8633
281	21741.6855
282	21716.625
283	21351.7383
284	21750.707
285	21665.5
286	21693.5684
287	21456.9922
288	21584.3
289	21582.2969
290	21670.5117
291	21767.75
292	21525.1563
293	21409.877
294	21692.5645
295	21548.2129
296	21448.9727
297	21491.0742
298	21552.2227
299	21541.1953
300	21765.7441
301	21605.3516
302	21685.5488
303	21501.1
304	21708.6055
305	21563.25
306	21239.4668
307	21613.3711
308	21404.8652
309	21491.0742
310	21434.9375
311	21368.78
312	21312.6426
313	21412.8848
314	21272.5469
315	21452.9824
316	21246.4844
317	21474.0332
318	21548.2129
319	21484.0566
320	21681.54
321	21576.2813
322	21207.39
323	21606.3555
324	21112.1641
325	21518.14
326	21325.6738
327	21143.2383
328	21291.5918
329	21306.6289
330	21472.0273
331	21448.9727
332	21163.2852
333	21062.0449
334	21350.7344
335	21232.4512
336	21172.3066
337	21269.54
338	21248.4883
339	21400.8555
340	21307.63
341	21091.1133
342	21088.1055
343	21206.3887
344	20888.6328
345	21344.72
346	21295.6016
347	21440.9531
348	21201.377
349	21160.2773
350	21191.3516
351	21296.6055
352	21259.5156
353	21203.38
354	21326.6777
355	21195.3613
356	21088.1055
357	20905.6738
358	21221.4238
359	21289.5879
360	20954.79
361	21196.3652
362	21000.8984
363	21004.9082
364	21154.2637
365	20844.53
366	21322.668
367	20985.8633
368	21001.9
369	20943.7637
370	21165.291
371	20906.6758
372	21086.1016
373	21210.3984
374	21214.4082
375	21004.9082
376	20654.084
377	21015.9355
378	21177.3184
379	20880.6152
380	20970.8281
381	21065.05
382	21262.5234
383	21102.1387
384	20960.8047
385	20942.7617
386	21382.8125
387	21032.9746
388	20760.332
389	20861.57
390	21159.2754
391	20813.457
392	21142.2344
393	21178.32
394	20916.7
395	21083.0938
396	20854.5527
397	20699.19
398	20648.07
399	20981.8535
400	20820.4727
401	20824.4824
402	20665.11
403	20569.8887
404	20950.7813
405	20730.2617
406	20897.6543
407	20681.1465
408	20904.6719
409	21238.4648
410	20828.4922
411	21137.2227
412	20914.6953
413	20952.7852
414	20926.7227
415	20790.4023
416	20786.3926
417	20652.0781
418	21072.0684
419	20809.4473
420	21061.041
421	20935.7441
422	20745.2969
423	20849.541
424	20743.293
425	21024.9551
426	20779.377
427	20639.0488
428	20665.11
429	20762.3359
430	20838.5156
431	20846.5352
432	20856.5586
433	20739.2832
434	20864.5762
435	20727.2539
436	20846.5352
437	20742.29
438	20367.42
439	20770.3555
440	21000.8984
441	20907.6777
442	20435.5762
443	20633.0352
444	20741.2871
445	20705.2031
446	20744.2949
447	20824.4824
448	21012.9277
449	20933.74
450	20745.2969
451	20694.1777
452	20340.3574
453	20834.5059
454	20734.2715
455	20626.0176
456	20884.625
457	20664.1074
458	20768.3516
459	20559.8652
460	21026.96
461	20419.54
462	20875.6035
463	20392.4785
464	20609.98
465	20778.375
466	20561.87
467	20848.54
468	20449.61
469	20754.3184
470	20851.5469
471	20685.1563
472	20266.1875
473	20773.3633
474	20297.26
475	20720.2383
476	20517.7676
477	20551.8457
478	20429.5625
479	20529.7949
480	20624.0137
481	20479.68
482	20765.3438
483	20693.1758
484	20638.0469
485	20523.7813
486	20460.6348
487	20464.6445
488	20680.1445
489	20682.1484
490	20685.1563
491	20667.1133
492	20622.01
493	20480.6816
494	20648.07
495	20319.3086
496	20642.0547
497	20545.832
498	20608.9785
499	20666.1113
500	20644.06
501	20466.6484
502	20358.3984
503	20528.793
504	20522.78
505	20662.1016
506	20418.5371
507	20435.5762
508	20728.2578
509	20276.21
510	20496.7188
511	20588.9316
512	20320.3125
513	20419.54
514	20761.334
515	20434.5742
516	20675.1328
517	20527.791
518	20168.9668
519	20507.7441
520	20474.668
521	20351.3828
522	20204.0469
523	20177.9863
524	20394.4824
525	20413.5254
526	20405.5078
527	20276.21
528	20206.05
529	20429.5625
530	20599.957
531	20225.0938
532	20244.1367
533	20381.4531
534	20431.5684
535	20572.8945
536	20331.3379
537	20344.3672
538	20533.8047
539	20362.4082
540	20249.1484
541	20229.1035
542	19968.5117
543	20256.1641
544	20222.0879
545	20242.1328
546	20200.0371
547	20294.252
548	20510.75
549	20277.2129
550	20299.2637
551	20146.916
552	20062.7246
553	20214.0684
554	20357.3965
555	20423.5488
556	20166.96
557	20444.5977
558	20301.2676
559	20044.6836
560	20229.1035
561	20403.5039
562	20151.9277
563	20306.28
564	20166.96
565	20382.4551
566	20028.6484
567	20364.4141
568	20022.6348
569	20187.0078
570	20360.4043
571	19870.291
572	20301.2676
573	19891.3379
574	19929.4238
575	20136.8926
576	20178.9883
577	20219.08
578	20316.3027
579	20309.2871
580	20159.9453
581	20312.293
582	20331.3379
583	20186.0039
584	20170.97
585	20188.01
586	19999.582
587	20036.666
588	20329.332
589	19986.5527
590	20242.1328
591	20082.77
592	20200.0371
593	20103.8184
594	19901.3613
595	19888.332
596	19804.1426
597	19696.9043
598	20178.9883
599	20110.834
600	20196.0273
</Trace>
