<Trace>
600
D1 470:530(12)
X	Y	
1	122283.984
2	122227.211
3	122408.7
4	122704.773
5	122462.438
6	122553.695
7	122376.258
8	122741.273
9	122443.172
10	121953.461
11	122628.727
12	121875.391
13	121810.5
14	122934.945
15	122401.6
16	122455.344
17	122821.375
18	122285
19	121732.438
20	121650.313
21	122822.391
22	121726.352
23	121892.625
24	121903.781
25	122759.523
26	121890.594
27	121857.141
28	122325.555
29	121905.805
30	122115.68
31	121633.078
32	121923.039
33	122408.7
34	122366.117
35	122036.594
36	121933.18
37	122108.586
38	121787.188
39	121443.492
40	121896.68
41	121640.172
42	122084.25
43	121573.266
44	121828.75
45	121564.141
46	122185.641
47	120917.336
48	121802.391
49	121617.875
50	121663.492
51	122168.4
52	118691.406
53	112645.9
54	108364.773
55	104396.359
56	102183.68
57	99441.62
58	96503.27
59	94007.5547
60	92179.42
61	89287.92
62	87604.18
63	85316.9453
64	83616.8
65	81950.27
66	80281.05
67	78833.0859
68	77163.44
69	76210.21
70	74722.58
71	73645.5859
72	72449.76
73	71237.96
74	70597.85
75	69073.875
76	68572.99
77	67277.0859
78	66549.6
79	65581.41
80	65087.7734
81	64105.63
82	63350.207
83	62943.3164
84	62723.76
85	61699.5859
86	61025.9336
87	60204.3242
88	59655.62
89	59221.7148
90	58953.9336
91	58532.1445
92	57714.793
93	57242.74
94	57142.09
95	56533.19
96	56304.74
97	55991.7578
98	56329.9
99	56237.3125
100	55150.4922
101	55041.8164
102	54482.3672
103	54772.15
104	54283.1445
105	53745.88
106	53076.85
107	52980.2734
108	52802.2148
109	52949.09
110	52466.2227
111	52396.8125
112	52845.4727
113	51572.9844
114	52066.87
115	51537.78
116	51655.4648
117	51336.6172
118	51036.8867
119	51098.24
120	50985.5938
121	50787.457
122	50231.29
123	50136.7578
124	50163.91
125	50136.7578
126	50547.082
127	49684.21
128	49821.9844
129	49594.71
130	49591.69
131	49186.4375
132	49548.4531
133	49308.1133
134	49192.4727
135	48836.5039
136	48580.0977
137	48933.0352
138	48363.918
139	48627.3555
140	48587.1367
141	49007.45
142	47769.7
143	48084.4
144	47807.9023
145	48079.37
146	47759.6445
147	47630.9531
148	47478.1328
149	47725.46
150	47269.0156
151	47309.23
152	47470.09
153	47368.5469
154	47237.85
155	47268.01
156	47170.4922
157	46907.0977
158	47001.5977
159	47532.4258
160	46863.8672
161	46984.5039
162	46914.1328
163	46706.0352
164	46747.2539
165	46389.375
166	46552.2266
167	46632.65
168	46554.24
169	46073.73
170	46643.707
171	46309.96
172	45927.9727
173	46247.6328
174	46439.6367
175	45957.125
176	46235.57
177	46520.06
178	46413.5
179	45853.59
180	45884.75
181	45824.4375
182	45824.4375
183	46274.7773
184	46183.3
185	45798.3047
186	45913.9023
187	45731.96
188	46376.3047
189	45458.5547
190	45796.293
191	46034.5273
192	45663.61
193	45840.5234
194	45835.4961
195	45601.29
196	45560.08
197	45522.8867
198	45526.9063
199	45133.9
200	45551.03
201	45626.418
202	45298.74
203	45299.7461
204	45614.3555
205	45068.5664
206	45438.4531
207	45103.7461
208	45226.37
209	45264.5664
210	44848.4531
211	44973.082
212	45656.5742
213	45140.9336
214	45128.875
215	45139.93
216	44716.7852
217	45518.8672
218	45098.72
219	45194.207
220	44802.22
221	44874.582
222	44749.9531
223	45126.8633
224	45360.05
225	44904.7344
226	45109.7773
227	44433.3633
228	44944.94
229	45075.6
230	44921.8242
231	44766.0352
232	44934.89
233	44720.81
234	44527.8359
235	44516.78
236	44770.0547
237	44775.082
238	44781.11
239	44579.0938
240	44519.7969
241	44776.0859
242	44440.4
243	44343.9141
244	44664.5234
245	44446.43
246	44713.7734
247	44372.0547
248	44416.2773
249	44376.0742
250	44407.23
251	44070.5547
252	44448.4375
253	44368.0352
254	44436.38
255	44415.2734
256	44485.625
257	44513.7656
258	44472.56
259	44296.68
260	43887.6445
261	44109.7461
262	44207.2344
263	44275.5742
264	44185.12
265	44365.02
266	44157.99
267	44008.2422
268	44291.6523
269	44189.1445
270	44146.9336
271	44019.2969
272	44031.36
273	43738.91
274	44113.77
275	44035.38
276	43904.73
277	44579.0938
278	44468.54
279	44098.69
280	44028.3438
281	43999.2
282	43827.3477
283	44055.4766
284	44076.582
285	44179.0938
286	43879.6055
287	43779.11
288	43571.0859
289	43766.0469
290	43732.8828
291	43851.47
292	43979.0977
293	44017.29
294	43650.4766
295	43630.38
296	43791.168
297	44272.56
298	43862.5234
299	43391.2031
300	43506.77
301	43528.88
302	43302.7734
303	44020.3047
304	43153.043
305	43210.32
306	43424.3672
307	43764.0352
308	43252.5273
309	43276.6445
310	43606.2578
311	43572.09
312	43166.1055
313	43829.36
314	43550.99
315	43569.0742
316	43181.18
317	43400.25
318	43729.8672
319	43554.0039
320	43700.7227
321	43028.4375
322	43621.332
323	43199.27
324	43196.2539
325	43225.3945
326	43525.8633
327	43131.94
328	43148.02
329	43686.6563
330	43070.64
331	43309.8047
332	43201.2773
333	43318.85
334	43287.7
335	43309.8047
336	43240.47
337	43599.2227
338	43439.44
339	43396.23
340	43147.01
341	43429.39
342	42964.125
343	43220.37
344	43312.82
345	43313.83
346	43171.13
347	43200.2734
348	43271.62
349	42511.9453
350	43351.0078
351	43094.7578
352	43472.6
353	43259.5625
354	43039.4922
355	42739.04
356	43257.55
357	43069.6367
358	43068.6328
359	43006.332
360	43239.4648
361	42897.8047
362	43150.0273
363	42957.09
364	42695.832
365	43486.67
366	42922.9258
367	42876.7031
368	42984.2227
369	42972.1641
370	42701.86
371	42756.12
372	42898.81
373	43176.1563
374	42864.6445
375	42693.82
376	42724.97
377	42592.332
378	42617.4531
379	42838.52
380	42885.7461
381	42696.8359
382	42882.73
383	42812.39
384	42763.1563
385	42344.1445
386	42850.58
387	42564.2
388	42913.8828
389	42804.35
390	42595.3477
391	42421.5156
392	42912.88
393	42563.19
394	42567.21
395	42466.73
396	42585.3
397	42671.7148
398	42602.3828
399	42638.5547
400	42510.94
401	42492.8555
402	42482.81
403	42309.98
404	41915.1055
405	42506.92
406	42214.5273
407	42345.15
408	42369.2656
409	42537.0664
410	42444.625
411	42607.4063
412	42095.9648
413	42390.3672
414	42237.6367
415	42266.7773
416	42180.3633
417	42468.7422
418	42862.6328
419	42258.74
420	42323.043
421	42408.4531
422	42190.41
423	42110.03
424	42227.59
425	42273.81
426	42465.7266
427	42318.02
428	42188.4023
429	42274.8125
430	42285.8672
431	42450.6523
432	41976.4
433	42203.4727
434	42347.16
435	42320.03
436	42211.51
437	42349.168
438	42218.5469
439	42109.0273
440	42041.707
441	42509.9375
442	41904.0547
443	42018.5977
444	41941.23
445	42100.99
446	42018.5977
447	42058.7852
448	42045.7266
449	42399.41
450	42188.4023
451	41918.12
452	42125.1
453	42088.93
454	41584.55
455	42029.65
456	41780.4727
457	42250.7
458	42115.0547
459	41935.2031
460	41879.94
461	42052.7578
462	42080.89
463	41602.6367
464	41896.0156
465	41953.29
466	42036.6836
467	41876.9258
468	41609.668
469	41817.65
470	41886.9727
471	41827.6953
472	41988.4531
473	41820.66
474	41497.14
475	42196.44
476	42122.0859
477	42271.8
478	41906.0625
479	42003.5234
480	41797.55
481	41901.04
482	41767.41
483	41709.1367
484	41769.418
485	42139.168
486	41876.9258
487	41522.2578
488	42092.95
489	41718.18
490	41550.39
491	41741.29
492	41721.19
493	41746.3125
494	41681.0039
495	42004.53
496	41680
497	41589.5742
498	41648.85
499	41571.49
500	41686.0273
501	41621.7266
502	41838.7461
503	42006.54
504	41808.6055
505	41297.207
506	41432.84
507	41768.4141
508	41795.543
509	41915.1055
510	41697.08
511	41525.2734
512	41634.7852
513	41869.8945
514	41833.7227
515	41546.37
516	41476.043
517	41522.2578
518	41315.293
519	41562.45
520	41252
521	41132.44
522	41539.34
523	41074.17
524	41691.05
525	41563.4531
526	41770.4258
527	41404.71
528	41615.6953
529	41316.2969
530	41285.1523
531	41366.53
532	41818.6523
533	41368.543
534	41699.09
535	41181.67
536	41070.1563
537	41474.0352
538	41396.67
539	41556.418
540	41119.3828
541	41132.44
542	41220.8555
543	41424.8047
544	41206.79
545	41244.9648
546	41019.92
547	41634.7852
548	41487.0938
549	41331.3672
550	41231.9063
551	41240.9453
552	41193.7266
553	41108.332
554	41255.01
555	41278.12
556	41193.7266
557	41092.2578
558	41281.1328
559	41520.25
560	41048.05
561	41580.53
562	41261.04
563	40886.3047
564	41179.6641
565	41318.31
566	41037
567	41342.418
568	40712.5039
569	41248.9844
570	41133.45
571	41074.17
572	40918.4531
573	41234.918
574	40999.83
575	41129.43
576	40943.57
577	40864.2031
578	40590.95
579	40899.3672
580	41004.85
581	40972.7031
582	41038.0039
583	40787.85
584	41125.41
585	40862.1953
586	40998.8242
587	41041.02
588	40712.5039
589	40781.8242
590	40848.13
591	41098.2852
592	40740.6367
593	40676.34
594	40848.13
595	40427.2
596	40866.21
597	40861.19
598	40838.082
599	40752.69
600	40773.79
</Trace>
