<Trace>
600
D1 470:530(14)
X	Y	
1	121513.445
2	121438.422
3	119663.406
4	120874.758
5	120938.625
6	120611.188
7	120258.422
8	120849.414
9	120785.547
10	120697.352
11	120268.555
12	120646.664
13	119806.328
14	120415.539
15	120279.7
16	120080.016
17	120386.141
18	120392.227
19	120519.953
20	120208.75
21	120215.844
22	120404.391
23	120622.336
24	120096.234
25	120150.969
26	120178.336
27	119920.867
28	120951.805
29	120050.617
30	120413.516
31	120243.211
32	120485.484
33	119958.375
34	119771.867
35	119956.344
36	119829.641
37	119887.422
38	120331.406
39	119818.492
40	120638.555
41	120426.695
42	120305.047
43	120545.3
44	120441.9
45	119460.688
46	119481.977
47	120153
48	120011.086
49	119897.555
50	119328.922
51	119654.289
52	115020.25
53	107740.195
54	101776.008
55	98746.88
56	95647.02
57	91707.55
58	88610.15
59	85262.42
60	82207.66
61	80085.28
62	77243.125
63	74971.68
64	72894.4
65	70365.01
66	68366.4
67	67092.69
68	64225.4961
69	62351.1367
70	60662.44
71	59010.31
72	57733.918
73	56747.56
74	54911.0078
75	53648.2852
76	51964.27
77	50934.2969
78	49881.3164
79	48239.24
80	47309.23
81	46180.2852
82	45084.65
83	44502.71
84	43441.45
85	42490.8477
86	41521.2539
87	41323.332
88	40234.3242
89	39742.1055
90	38895.35
91	38176.2266
92	37857.8633
93	36667.86
94	36648.78
95	35665.7734
96	35563.3633
97	34824.43
98	34210.04
99	33774.3672
100	33191.1641
101	33018.52
102	32692.3125
103	32187.4648
104	31593.3281
105	31530.1035
106	30807.5625
107	30437.2832
108	30216.5273
109	30094.1113
110	29695.7676
111	29722.86
112	29289.416
113	28981.4043
114	28417.5781
115	28433.6289
116	28025.33
117	27695.291
118	27525.7637
119	27477.6152
120	27364.2637
121	27020.209
122	26891.8184
123	26618.9941
124	26415.3848
125	26072.37
126	26154.6113
127	25781.5176
128	25731.373
129	25650.1367
130	25211.8789
131	25051.4238
132	25202.8535
133	25008.3027
134	24716.4844
135	24795.7051
136	24693.42
137	24562.0547
138	24498.8789
139	24228.1348
140	24115.8281
141	24000.5156
142	23851.1133
143	24165.9648
144	23775.91
145	23788.9453
146	23473.1035
147	23647.5664
148	23580.3887
149	23402.918
150	23483.1289
151	23285.61
152	23290.6211
153	23042.9746
154	23266.5586
155	23101.125
156	22932.6875
157	23138.2227
158	22596.8262
159	22603.8438
160	22908.625
161	22771.2715
162	22965.7734
163	22645.9512
164	22619.8848
165	22844.46
166	22636.9277
167	22473.5117
168	22507.5977
169	22403.334
170	22295.06
171	22202.83
172	22485.543
173	22198.8184
174	21904.0859
175	22247.9434
176	22354.209
177	22146.69
178	22169.7461
179	22249.9473
180	22056.4629
181	22101.5762
182	21945.1875
183	21862.9844
184	21771.76
185	21921.127
186	21927.1426
187	21759.73
188	21829.9023
189	21823.8887
190	22021.377
191	22089.5469
192	21860.9785
193	21698.58
194	21700.5859
195	21798.8262
196	21770.7578
197	21849.9512
198	21398.8516
199	21825.8926
200	21531.1719
201	21669.51
202	21899.0742
203	21512.125
204	21754.7168
205	21623.3965
206	21481.05
207	21717.627
208	21756.7227
209	21676.5254
210	21546.209
211	21634.4238
212	21661.49
213	21518.14
214	21621.39
215	21646.4531
216	21306.6289
217	21296.6055
218	21536.1836
219	21588.31
220	21259.5156
221	21534.18
222	21544.2031
223	21627.4063
224	21244.48
225	21597.332
226	21430.9277
227	21381.81
228	21320.6621
229	21235.457
230	21472.0273
231	21426.92
232	21585.3027
233	21225.4336
234	21331.69
235	21283.5742
236	21149.252
237	21384.8164
238	20960.8047
239	21241.4727
240	21386.8223
241	21212.4023
242	21157.2715
243	21243.4766
244	21246.4844
245	21203.38
246	21425.916
247	21383.8145
248	21284.5762
249	21266.5332
250	21226.4355
251	21536.1836
252	21416.8945
253	21491.0742
254	21046.0059
255	21256.5078
256	21238.4648
257	21491.0742
258	21133.2129
259	21042.998
260	21062.0449
261	21153.2617
262	21229.4434
263	21062.0449
264	21388.8262
265	21087.1035
266	20978.8477
267	21167.2949
268	21117.1758
269	21008.918
270	21062.0449
271	20804.4355
272	20989.873
273	20814.459
274	21241.4727
275	21175.3145
276	21064.0488
277	21151.2559
278	21265.53
279	21108.1543
280	21112.1641
281	20760.332
282	20647.0664
283	20801.4277
284	20955.793
285	21121.1855
286	21200.373
287	21337.7031
288	21072.0684
289	21028.9648
290	21024.9551
291	21023.9531
292	21132.21
293	21070.0625
294	21203.38
295	21033.9766
296	21010.9219
297	20797.42
298	20901.6641
299	20877.6074
300	20902.666
301	20777.3711
302	20943.7637
303	20819.47
304	20696.1816
305	20569.8887
306	20628.0234
307	20630.0273
308	21088.1055
309	20562.8711
310	20811.4512
311	20948.7754
312	20938.752
313	20950.7813
314	20870.5918
315	20682.1484
316	20554.8535
317	20892.6426
318	20782.3828
319	20719.2363
320	20739.2832
321	20793.41
322	20679.1426
323	20854.5527
324	20673.1289
325	20741.2871
326	20942.7617
327	20652.0781
328	20685.1563
329	20687.16
330	20608.9785
331	20483.6875
332	20329.332
333	20887.63
334	20600.96
335	20761.334
336	20777.3711
337	20571.8926
338	20828.4922
339	20584.9219
340	20680.1445
341	20728.2578
342	20466.6484
343	20848.54
344	20914.6953
345	20634.0371
346	20978.8477
347	20945.7676
348	20379.4473
349	20736.2754
350	20599.957
351	20506.7422
352	20775.3672
353	20544.83
354	20491.707
355	20762.3359
356	20369.4238
357	20639.0488
358	20415.5313
359	20547.8359
360	20720.2383
361	20358.3984
362	20546.834
363	20525.7852
364	20539.8184
365	20447.6055
366	20429.5625
367	20688.1641
368	20552.8477
369	20425.5547
370	20408.5137
371	20604.9688
372	20496.7188
373	20346.3711
374	20378.4453
375	20410.52
376	20597.9531
377	20295.2539
378	20241.13
379	20361.4063
380	20330.334
381	20462.6387
382	20391.4746
383	20622.01
384	20614.9922
385	20405.5078
386	20456.625
387	20637.0449
388	20623.0117
389	20728.2578
390	20195.0254
391	20576.9043
392	20263.1816
393	20287.2363
394	20443.5957
395	20529.7949
396	20719.2363
397	20436.58
398	20404.5059
399	20461.6367
400	20555.8555
401	20480.6816
402	20357.3965
403	20514.76
404	20317.3047
405	20633.0352
406	20495.7168
407	20296.2559
408	20341.36
409	20397.4883
410	20465.6465
411	20225.0938
412	20226.0957
413	20530.7969
414	20304.2754
415	20359.4023
416	20472.6621
417	20196.0273
418	20146.916
419	20514.76
420	20391.4746
421	20360.4043
422	20285.2324
423	20255.1621
424	20265.1855
425	20113.84
426	20243.1348
427	20305.2773
428	20455.623
429	20371.43
430	20058.7148
431	20252.1563
432	20138.8984
433	20085.7773
434	20297.26
435	20395.4844
436	20234.1152
437	20406.51
438	19953.4785
439	20241.13
440	20144.9121
441	20072.748
442	20049.6953
443	20113.84
444	20285.2324
445	20096.8027
446	20143.9082
447	20158.9434
448	20118.8516
449	20129.877
450	20157.9414
451	20438.584
452	20157.9414
453	19912.3848
454	20211.0625
455	20013.6133
456	20305.2773
457	20376.4414
458	19860.27
459	20347.373
460	19918.3984
461	20037.668
462	20349.3789
463	19833.209
464	19954.48
465	20126.8711
466	20093.7949
467	19963.5
468	20099.8086
469	20054.707
470	20106.8242
471	19891.3379
472	20034.6621
473	20164.957
474	20374.4355
475	19988.5566
476	19932.4316
477	20110.834
478	19764.0527
479	20570.89
480	19756.0352
481	19822.1836
482	19707.9277
483	20159.9453
484	20124.8652
485	20089.7852
486	19875.3027
487	20004.5938
488	20194.0234
489	19836.2148
490	19818.1738
491	19795.123
492	20032.6563
493	19908.377
494	20227.0977
495	19933.4336
496	19927.42
497	20057.7129
498	20147.918
499	20117.85
500	19877.3066
501	19913.3887
502	19864.2773
503	19819.1758
504	20083.7734
505	19921.4063
506	20080.7656
507	19748.0176
508	20223.09
509	20104.82
510	20007.6
511	20039.6719
512	19977.5332
513	19794.1211
514	19706.9258
515	19788.1074
516	20037.668
517	19684.877
518	19819.1758
519	19797.127
520	19858.2637
521	20146.916
522	19904.3672
523	19811.1582
524	20066.7344
525	19855.2578
526	19831.2031
527	20029.65
528	19985.55
529	20007.6
530	20175.9824
531	19925.4141
532	19856.26
533	19877.3066
534	19824.1875
535	19593.6758
536	20028.6484
537	19711.9375
538	19719.9551
539	19992.5664
540	19849.2441
541	19596.6816
542	19821.1816
543	19841.2266
544	19667.84
545	19610.7129
546	19888.332
547	19933.4336
548	19831.2031
549	20089.7852
550	19773.0742
551	19801.1367
552	19692.8945
553	19840.2246
554	19900.36
555	19819.1758
556	19809.1543
557	19651.8047
558	19934.4355
559	19830.2012
560	19528.5313
561	19834.21
562	19760.0449
563	19756.0352
564	19649.7988
565	19801.1367
566	19542.5625
567	19737.9961
568	19766.0586
569	19627.75
570	19983.5449
571	19527.53
572	19895.3477
573	19306.043
574	19413.2773
575	19694.9
576	19554.5879
577	19758.041
578	19536.5488
579	19703.92
580	19594.6777
581	19747.0156
582	19864.2773
583	19838.2188
584	19686.88
585	19538.5527
586	19676.86
587	19728.9746
588	19571.627
589	19670.8457
590	19657.8164
591	19550.58
592	19628.752
593	19503.4766
594	19314.06
595	19791.1133
596	19670.8457
597	19749.02
598	19569.6211
599	19571.627
600	19463.3887
</Trace>
