<Trace>
600
D1 470:530(13)
X	Y	
1	123359.813
2	123585.945
3	123603.188
4	123499.758
5	123470.344
6	123473.391
7	123485.555
8	123475.414
9	123780.648
10	123916.539
11	123476.43
12	123530.172
13	123025.188
14	123697.5
15	123508.883
16	123283.766
17	123603.188
18	123482.516
19	123428.773
20	124073.727
21	123060.68
22	122833.547
23	122872.078
24	123362.859
25	123511.922
26	123211.766
27	123367.93
28	122992.742
29	123124.563
30	123769.5
31	123255.367
32	123724.875
33	122338.742
34	123302.016
35	122804.141
36	122812.25
37	123531.188
38	122886.273
39	122574.984
40	123660.992
41	123820.2
42	123161.07
43	122571.945
44	122913.648
45	123005.922
46	123332.438
47	123287.82
48	122847.742
49	122858.9
50	123513.953
51	122747.359
52	118478.57
53	107111.609
54	101479.625
55	96967.31
56	92059.17
57	89181.86
58	85711.74
59	83358.37
60	80151.88
61	77347.03
62	74688.29
63	73351.16
64	70582.7344
65	68159.81
66	66967.75
67	64647.56
68	63385.46
69	61498.19
70	59946.582
71	58158.69
72	57671.51
73	55808.6055
74	54850.6367
75	53727.7656
76	52979.27
77	51860.66
78	50708
79	49888.3555
80	48715.8438
81	48498.6523
82	47427.8633
83	46820.64
84	46135.0469
85	45317.8359
86	44173.0625
87	44290.65
88	43852.4727
89	42721.957
90	42323.043
91	42054.77
92	41196.7422
93	40997.82
94	40486.4727
95	39953.05
96	39434.7344
97	38951.5977
98	38681.4141
99	38318.84
100	37888.9961
101	37556.582
102	37524.4453
103	36764.26
104	37009.28
105	36399.7578
106	36130.6563
107	35519.1875
108	35654.73
109	35285.25
110	35158.75
111	34530.28
112	34790.2969
113	34810.375
114	34241.16
115	34201.0039
116	33898.8438
117	33775.37
118	33314.63
119	33055.66
120	32868.9648
121	33103.84
122	32873.9844
123	32775.62
124	32455.4414
125	32615.0273
126	32469.4941
127	32143.3047
128	31797.0566
129	31655.5488
130	31600.3535
131	31744.87
132	31280.2168
133	31095.5684
134	31590.3164
135	31143.7363
136	31151.7656
137	30768.4258
138	30955.0762
139	30592.8184
140	30703.2012
141	30308.8438
142	30414.2031
143	30083.0742
144	30554.6875
145	30063.0059
146	30246.63
147	30413.2012
148	29920.5234
149	29848.2813
150	29783.06
151	29409.8145
152	29546.27
153	29585.3984
154	29505.13
155	29236.24
156	29205.1387
157	29566.3359
158	29385.7344
159	29245.27
160	29277.377
161	29584.3965
162	29211.1582
163	29018.5254
164	29241.2578
165	28974.38
166	29432.89
167	29156.98
168	28787.7734
169	28924.2168
170	28936.2559
171	28900.1387
172	29115.8438
173	28661.3633
174	28543.9844
175	28623.24
176	28519.9063
177	28714.5352
178	28607.1875
179	28546.9941
180	28779.7461
181	28735.6035
182	28607.1875
183	28430.62
184	28507.87
185	28910.1719
186	28130.6621
187	28575.084
188	28338.3242
189	28240.0117
190	28453.6934
191	28490.8125
192	28161.7617
193	28435.6367
194	28395.5078
195	28451.6875
196	28222.957
197	28169.7871
198	28334.3125
199	28539.97
200	28150.7266
201	28425.6035
202	28264.0879
203	28088.53
204	28417.5781
205	28389.4883
206	27979.1836
207	28090.5352
208	28145.71
209	28242.0176
210	28230.9824
211	28076.4922
212	28031.3477
213	28165.7754
214	27953.1016
215	28262.082
216	27861.8145
217	28017.3047
218	28067.4629
219	28016.3
220	27917.99
221	28064.4531
222	28045.3926
223	28107.59
224	28233.9922
225	27709.3359
226	27702.3145
227	27758.49
228	27790.59
229	27718.3633
230	27818.6777
231	27780.5586
232	27574.916
233	27823.6934
234	27931.0313
235	27986.2051
236	27911.97
237	27867.832
238	27970.1543
239	27921
240	27621.06
241	27508.71
242	27852.7852
243	27758.49
244	27777.5488
245	27739.43
246	27374.2949
247	27792.5957
248	27647.1426
249	27909.9648
250	27856.7988
251	27935.0449
252	27811.6563
253	27686.2637
254	27758.49
255	27738.4277
256	27651.1543
257	27399.373
258	27567.8945
259	27129.543
260	27521.752
261	27523.7578
262	27574.916
263	27367.2734
264	27590.9668
265	27674.2266
266	27629.0859
267	27778.5527
268	27451.5332
269	27935.0449
270	27617.0469
271	27515.7324
272	27251.918
273	27610.0254
274	27274.9883
275	27521.752
276	27534.791
277	27106.47
278	27348.2148
279	27290.0352
280	27505.7012
281	27551.8457
282	27461.5645
283	27428.4629
284	27436.4863
285	27373.291
286	27333.168
287	27236.8711
288	27392.35
289	27175.6836
290	27384.3262
291	27052.3066
292	27436.4863
293	27408.4
294	27407.3965
295	27358.2461
296	27135.56
297	27257.9355
298	27351.2227
299	27359.248
300	27217.8125
301	27135.56
302	27311.1
303	27420.4375
304	27183.709
305	26970.0547
306	27036.2578
307	26994.1289
308	27042.2754
309	26945.9824
310	27152.6133
311	27197.752
312	27118.5078
313	27103.4629
314	26667.1387
315	27234.8652
316	27280.0039
317	27111.4863
318	26957.0156
319	27106.47
320	27166.6563
321	27013.1875
322	27112.49
323	27094.4355
324	27152.6133
325	27138.57
326	26783.49
327	27056.3184
328	27011.1816
329	27216.81
330	26914.8887
331	27085.4082
332	26871.7578
333	27235.87
334	27161.64
335	26982.0918
336	26625.0117
337	26987.1074
338	26990.1172
339	26896.832
340	26791.5137
341	27076.3789
342	27027.23
343	26776.4688
344	26522.7051
345	26957.0156
346	26917.8965
347	27224.834
348	26915.89
349	26646.0762
350	26972.0625
351	26679.1758
352	26849.69
353	26810.5723
354	26772.457
355	26848.6875
356	26973.0645
357	26957.0156
358	26751.3926
359	26998.14
360	26637.0488
361	26851.6953
362	26756.4082
363	26794.5234
364	26730.33
365	26849.69
366	26873.7637
367	26836.65
368	26640.0566
369	26798.5352
370	26883.793
371	26737.35
372	26547.7813
373	26639.0547
374	26765.4355
375	27006.166
376	26875.77
377	26528.7227
378	26748.3828
379	26781.4844
380	26543.7676
381	26814.584
382	26569.8457
383	26690.209
384	27080.3926
385	26649.084
386	26366.2383
387	26689.2051
388	26607.96
389	26420.4
390	26686.1953
391	26347.1816
392	26596.9277
393	26868.748
394	26711.2715
395	26139.5664
396	26538.7539
397	26433.44
398	26652.0938
399	26503.6484
400	26501.6426
401	26498.6328
402	26673.1563
403	26660.1172
404	26397.332
405	26151.6035
406	26260.9258
407	26582.8867
408	26306.06
409	26522.7051
410	26414.3828
411	26907.8672
412	26316.09
413	26438.4531
414	26407.3613
415	26580.8789
416	26516.6875
417	26503.6484
418	26405.3555
419	26424.4121
420	26478.5742
421	26208.7715
422	26158.623
423	26218.8
424	26381.2832
425	26304.0547
426	26178.6836
427	26406.3574
428	26365.2363
429	26383.29
430	26639.0547
431	26408.3633
432	26302.0488
433	26412.377
434	26254.9082
435	26231.84
436	26328.125
437	26425.4141
438	26103.46
439	26324.1133
440	26391.3125
441	26450.49
442	26170.6582
443	26485.5938
444	25980.0977
445	26159.627
446	26112.4883
447	26372.2559
448	26482.5859
449	26473.5586
450	26042.2813
451	26303.05
452	26055.3184
453	26375.2656
454	26369.248
455	26331.1348
456	26345.1758
457	25941.9863
458	26248.89
459	26244.8789
460	26379.2773
461	26420.4
462	25919.9219
463	26265.9414
464	25870.78
465	26015.2012
466	26348.1855
467	25818.627
468	25859.7461
469	26032.252
470	25808.5977
471	26018.21
472	25926.9434
473	26297.0332
474	25800.5742
475	26078.3867
476	26297.0332
477	26298.0352
478	25801.5762
479	26078.3867
480	25831.6641
481	26193.7266
482	25875.793
483	25808.5977
484	25757.45
485	26029.2422
486	25909.8926
487	25911.8984
488	26061.3359
489	26107.4727
490	26214.79
491	25911.8984
492	25901.87
493	25773.4941
494	25684.2363
495	25753.4375
496	25986.1152
497	25974.08
498	25784.5273
499	25837.6816
500	25984.11
501	25497.6973
502	26019.2129
503	25915.91
504	26212.7832
505	26039.2715
506	25984.11
507	26032.252
508	25830.6621
509	25707.3027
510	26236.8555
511	25562.8848
512	26047.2949
513	25528.7871
514	25824.6445
515	25781.5176
516	26043.2832
517	25880.8086
518	25834.6738
519	25647.1289
520	25824.6445
521	25627.07
522	25989.125
523	25742.4043
524	25505.72
525	25857.74
526	25650.1367
527	26066.3516
528	25786.5332
529	25898.8613
530	26003.166
531	25914.9082
532	25721.3438
533	25671.1973
534	25754.44
535	25739.3965
536	25586.9551
537	25597.9863
538	25809.6
539	25639.1055
540	25698.2773
541	25984.11
542	25800.5742
543	25604.0039
544	25875.793
545	25338.24
546	25644.12
547	25889.834
548	25431.5078
549	26066.3516
550	25559.877
551	25551.8535
552	25529.79
553	25523.7715
554	25583.9453
555	25300.13
556	25564.89
557	25737.39
558	25511.7383
559	25590.9668
560	25567.9
561	25503.7148
562	25487.668
563	25568.9023
564	25468.6133
565	25590.9668
566	25166.752
567	25441.5352
568	25448.5566
569	25630.0781
570	25513.7441
571	25685.2383
572	25717.332
573	25564.89
574	25759.4551
575	25542.8281
576	25369.3281
577	25603
578	25445.5469
579	25416.4648
580	25386.377
581	25529.79
582	25380.3613
583	25414.459
584	25399.4141
585	25387.38
586	25423.4844
587	25556.8672
588	25391.3926
589	25496.6953
590	25630.0781
591	25357.2949
592	25269.043
593	25054.4336
594	25438.5273
595	25467.6113
596	25204.86
597	25514.7461
598	25016.3262
599	25487.668
600	25172.7676
</Trace>
