<Trace>
600
D1 470:530
X	Y	
1	125458.109
2	125433.766
3	125677.195
4	125335.383
5	125268.438
6	126036.266
7	125680.234
8	124830.289
9	125622.422
10	125376.969
11	124630.492
12	125072.688
13	125373.922
14	125207.586
15	125444.922
16	124552.406
17	125140.641
18	125000.68
19	125014.883
20	124622.383
21	124526.039
22	124820.148
23	124709.6
24	124678.164
25	124792.766
26	125241.055
27	124736.984
28	124926.641
29	124759.3
30	124056.484
31	124424.617
32	124799.867
33	124794.8
34	124885.063
35	123854.68
36	124193.391
37	124775.523
38	124281.625
39	124490.539
40	123958.117
41	124712.648
42	124849.563
43	124510.82
44	124324.219
45	123715.75
46	123634.625
47	124045.328
48	124395.211
49	123889.156
50	123921.609
51	123424.711
52	120484.477
53	114892.6
54	111774.93
55	107384.906
56	106121.758
57	103315.75
58	102478.063
59	100381.172
60	98658.91
61	96416.33
62	95452.94
63	94168.25
64	91692.39
65	90922.4844
66	90254.68
67	88665.7
68	88193
69	86882.1
70	86507.4453
71	85490.61
72	84563.75
73	83401.77
74	82850.625
75	82730.5
76	82876.87
77	81534.45
78	80929.93
79	80824.98
80	80397.09
81	79488.93
82	79968.23
83	79638.2656
84	78401.2656
85	78419.43
86	77992.67
87	77576.03
88	77495.32
89	77091.81
90	77425.72
91	76813.41
92	76843.6641
93	76898.14
94	76566.27
95	76674.2
96	76893.09
97	76015.55
98	75993.35
99	75631.2656
100	76098.25
101	75685.73
102	75699.85
103	75476.95
104	75256.08
105	74942.43
106	76124.48
107	75586.89
108	75347.86
109	75314.58
110	75214.7344
111	74978.7344
112	74996.89
113	74658.04
114	74642.9141
115	75271.21
116	74891
117	75029.1641
118	74334.32
119	74576.35
120	74391.8047
121	74659.05
122	74623.75
123	74412.9844
124	74975.71
125	74457.35
126	74549.125
127	74957.5547
128	74658.04
129	73841.21
130	74191.125
131	74349.45
132	74112.47
133	74418.02
134	74107.43
135	74397.85
136	73750.46
137	73645.5859
138	74176
139	73710.125
140	74310.125
141	73720.21
142	74056
143	74157.85
144	73607.27
145	73464.0859
146	74052.98
147	73570.97
148	74061.04
149	73642.56
150	74056
151	73380.4
152	73800.875
153	73697.0156
154	73749.45
155	73264.44
156	74167.93
157	73978.35
158	73072.86
159	73555.84
160	73607.27
161	74008.6
162	74086.25
163	74442.23
164	73689.96
165	73205.95
166	73731.3
167	73390.48
168	74076.17
169	73787.7656
170	73504.42
171	73296.7
172	73412.6641
173	73390.48
174	73112.19
175	73533.6641
176	73419.72
177	73575.01
178	73131.34
179	73665.76
180	73375.35
181	73512.4844
182	73311.83
183	73436.86
184	73129.33
185	73459.05
186	73389.47
187	73383.42
188	72913.5547
189	73197.89
190	73452.99
191	72963.97
192	73271.5
193	72700.81
194	73795.8359
195	73511.48
196	72975.0547
197	73016.4
198	73641.5547
199	73378.375
200	73111.18
201	72608.0547
202	72860.12
203	72720.98
204	73003.29
205	72894.4
206	72961.95
207	73240.24
208	72844.99
209	73053.7
210	72895.41
211	73090
212	73263.43
213	72789.54
214	72709.88
215	73193.86
216	72521.34
217	72562.68
218	72840.96
219	72999.26
220	73244.27
221	72985.14
222	72885.32
223	73182.7656
224	72470.93
225	72770.38
226	72940.77
227	72598.98
228	73111.18
229	73034.55
230	72268.28
231	72392.29
232	72679.63
233	72863.14
234	72430.6
235	72755.26
236	72332.8047
237	73046.65
238	72498.16
239	72710.89
240	72725.01
241	73031.52
242	73152.5156
243	72994.21
244	72321.72
245	72453.79
246	73192.85
247	73248.3047
248	72746.18
249	72808.6953
250	72220.9
251	72821.8
252	72648.38
253	72978.0859
254	73132.35
255	72700.81
256	72676.61
257	72251.14
258	72497.15
259	71794.44
260	73084.96
261	72804.66
262	72183.59
263	73079.92
264	72624.18
265	72972.03
266	72481.0156
267	72046.48
268	72171.49
269	72513.27
270	72658.46
271	72498.16
272	72718.96
273	72222.9141
274	72453.79
275	72199.73
276	72660.48
277	72901.45
278	72624.18
279	73072.86
280	72662.49
281	72141.25
282	72680.64
283	72785.5
284	72289.45
285	72461.86
286	72620.15
287	72754.25
288	72218.88
289	72504.2
290	72191.66
291	72100.92
292	72616.12
293	72782.48
294	72551.59
295	72518.32
296	72390.27
297	72973.04
298	73013.375
299	72326.76
300	72052.53
301	72331.8
302	72452.78
303	72654.43
304	72676.61
305	72885.32
306	72379.19
307	72235.01
308	72248.12
309	72963.97
310	72064.625
311	72661.4844
312	72437.6641
313	72528.4
314	72705.85
315	71860.98
316	72668.55
317	72405.4
318	72488.07
319	72661.4844
320	72632.25
321	72295.5
322	72347.93
323	72375.15
324	72312.64
325	72133.18
326	72699.8047
327	71888.1953
328	72146.29
329	72438.67
330	72285.42
331	72254.1641
332	71736.98
333	72299.54
334	72287.44
335	71965.83
336	72324.74
337	71557.53
338	72370.11
339	72253.16
340	72358.01
341	71937.6
342	72733.07
343	72017.24
344	72550.58
345	72483.03
346	72011.1953
347	72090.8359
348	72055.5547
349	72414.47
350	72488.07
351	72402.375
352	72052.53
353	71977.92
354	72764.33
355	71931.55
356	71472.84
357	72440.69
358	72103.9453
359	72158.39
360	71723.87
361	72255.17
362	71792.42
363	72225.94
364	71681.53
365	72001.11
366	72313.65
367	71795.4453
368	71928.52
369	71840.81
370	71788.39
371	71914.41
372	71785.37
373	71282.32
374	71774.27
375	72038.4141
376	71832.75
377	71981.96
378	72409.43
379	71646.24
380	72274.33
381	71250.0547
382	72154.35
383	72040.43
384	72312.64
385	72083.78
386	71657.3359
387	71874.0859
388	71910.375
389	72026.32
390	72144.27
391	71673.46
392	71859.97
393	72009.18
394	72002.12
395	71620.03
396	72374.14
397	71762.18
398	71815.61
399	72063.62
400	71830.7344
401	72098.91
402	71476.88
403	72350.95
404	71325.6641
405	71653.3
406	71579.71
407	72078.74
408	72032.37
409	71497.04
410	71439.58
411	71843.8359
412	71889.2
413	71977.92
414	72163.43
415	71942.64
416	71770.24
417	71861.9844
418	71719.8359
419	71673.46
420	72223.92
421	71843.8359
422	71785.37
423	71527.29
424	72317.68
425	71690.6
426	71690.6
427	71599.87
428	71550.47
429	71341.8
430	71147.2344
431	71293.41
432	71778.31
433	71707.74
434	71569.625
435	71653.3
436	71122.03
437	71767.22
438	71543.4141
439	71692.62
440	71570.63
441	71999.09
442	71723.87
443	71717.82
444	71496.03
445	71743.02
446	71574.6641
447	71625.07
448	71557.53
449	71550.47
450	71259.13
451	71321.63
452	71221.83
453	71280.3
454	71564.5859
455	71396.2344
456	71547.4453
457	71649.2656
458	71592.81
459	71568.62
460	71549.46
461	71975.91
462	71415.38
463	71588.78
464	71728.9141
465	71696.65
466	71039.37
467	70909.3359
468	71275.26
469	71683.55
470	71177.48
471	71480.9141
472	71417.4
473	71414.375
474	71576.68
475	71709.76
476	71841.82
477	70970.82
478	70965.78
479	70948.65
480	71358.93
481	71105.91
482	71414.375
483	71341.8
484	71126.06
485	71664.39
486	71115.9844
487	70880.1
488	71364.98
489	70973.84
490	71278.28
491	71400.2656
492	71054.49
493	71576.68
494	71697.66
495	71174.45
496	71672.45
497	71119.01
498	71333.73
499	71372.04
500	71394.22
501	71199.66
502	71171.43
503	71340.79
504	71221.83
505	71333.73
506	70882.12
507	71264.17
508	71367
509	70882.12
510	71122.03
511	71174.45
512	71303.4844
513	71184.53
514	71256.11
515	71098.84
516	71088.7656
517	71426.48
518	71265.18
519	71536.36
520	71477.89
521	70863.97
522	71125.0547
523	70710.75
524	71097.8359
525	71198.65
526	70940.58
527	71341.8
528	71296.43
529	70836.75
530	71378.0859
531	71003.08
532	71196.63
533	71183.52
534	71185.54
535	71352.88
536	71563.58
537	71409.3359
538	70924.45
539	71277.27
540	70568.62
541	71562.57
542	70926.47
543	71169.4141
544	71390.18
545	70898.24
546	71414.375
547	71540.39
548	71034.33
549	71012.16
550	71635.16
551	71280.3
552	70415.41
553	71150.26
554	71102.88
555	71011.15
556	71075.6641
557	70841.8
558	71023.24
559	71016.19
560	70834.7344
561	71052.48
562	70716.8
563	70743.01
564	71126.06
565	71288.37
566	71076.67
567	71354.9
568	70493.0156
569	71467.8047
570	70994.01
571	70447.66
572	70789.375
573	70415.41
574	70859.94
575	70822.64
576	70830.7
577	71007.11
578	71015.18
579	70908.33
580	70733.94
581	71334.7344
582	70972.8359
583	70712.7656
584	70679.5
585	70697.65
586	70695.63
587	70844.82
588	70791.39
589	70617.01
590	71201.67
591	70495.04
592	70400.28
593	70482.94
594	70677.4844
595	70447.66
596	70793.41
597	71258.125
598	71165.38
599	70340.81
600	70640.19
</Trace>
