<Trace>
438
D1 470:530(5)
X	Y	
1	156804.031
2	156921.078
3	156956.7
4	156851.859
5	157038.141
6	156781.625
7	156635.063
8	157025.922
9	157715.078
10	157157.234
11	157573.578
12	157561.359
13	157289.563
14	157469.734
15	157078.859
16	157593.938
17	157572.563
18	157338.422
19	157726.266
20	157120.6
21	157318.063
22	158209.828
23	156993.359
24	158482.656
25	157857.6
26	157830.109
27	157088.016
28	157224.422
29	157205.078
30	157141.969
31	156677.813
32	157647.891
33	157404.6
34	157000.484
35	157588.844
36	157525.734
37	156958.75
38	156952.641
39	157018.8
40	157743.578
41	157469.734
42	157268.188
43	156963.828
44	157585.781
45	157864.719
46	157488.063
47	157777.172
48	157412.734
49	156586.2
50	157957.359
51	155651.859
52	153957.484
53	146267.141
54	141713.641
55	138355.922
56	134678.641
57	130750.164
58	128152.438
59	125414.492
60	121629.023
61	118493.773
62	115866.211
63	112802.891
64	110099.047
65	108050.961
66	105337.445
67	103198.391
68	100702.805
69	98458.6953
70	96219.1953
71	94442.16
72	93071.71
73	91236.7
74	89306.11
75	87387.05
76	86243.88
77	84821.2
78	82965.6953
79	81706.03
80	80434.43
81	78780.625
82	77566.9453
83	76257.62
84	75198.59
85	74501.73
86	73045.64
87	71522.24
88	71168.41
89	70103.94
90	68430.9
91	68240.43
92	67302.27
93	66856.9141
94	65849.38
95	64332.27
96	64254.707
97	63342.1523
98	62520.33
99	62341.0664
100	61138.707
101	61060.168
102	60247.6172
103	59480.4453
104	58511.0039
105	57824.5078
106	57597.0273
107	57319.23
108	56832.0977
109	56031.0078
110	55601.3047
111	55156.53
112	54762.09
113	54058.7773
114	53652.3125
115	53583.9
116	52945.0625
117	52345.5078
118	52303.2578
119	51969.2969
120	51765.1055
121	51032.8633
122	51004.7031
123	50230.2852
124	50484.73
125	49863.2148
126	50042.2227
127	49245.7656
128	49078.8438
129	48833.49
130	48665.5664
131	48405.14
132	48459.4375
133	47688.26
134	47617.8828
135	47165.4648
136	47193.6172
137	46552.2266
138	46580.375
139	46620.5859
140	46161.1836
141	46029.5
142	45652.55
143	45776.19
144	45534.95
145	45359.0469
146	45366.082
147	44888.6563
148	44608.2422
149	44303.7148
150	44508.7422
151	44347.9336
152	43955.9844
153	43360.05
154	44312.7578
155	43708.76
156	43441.45
157	43528.88
158	43134.9531
159	43298.7539
160	42790.2852
161	42982.2148
162	42642.5742
163	42768.18
164	42289.8867
165	42703.8672
166	42384.3359
167	42157.2539
168	41876.9258
169	42257.7344
170	41709.1367
171	41956.3
172	41518.2422
173	41376.58
174	41329.36
175	41325.34
176	41486.09
177	40889.32
178	41203.7734
179	41100.293
180	41070.1563
181	40659.26
182	40502.543
183	40161.9961
184	40727.5742
185	40328.7539
186	40505.56
187	40483.457
188	40373.957
189	40519.62
190	40211.22
191	39929.95
192	40076.61
193	40165.0078
194	39961.09
195	39894.79
196	39593.44
197	39859.6328
198	39428.707
199	39708.957
200	39586.41
201	38910.418
202	39330.27
203	39120.34
204	39150.4727
205	39350.36
206	39048.0234
207	39611.52
208	38726.6133
209	39329.2656
210	39209.7344
211	38791.9
212	39062.082
213	38779.8438
214	38933.52
215	38581.98
216	38575.957
217	38681.4141
218	38108.9375
219	38798.93
220	38848.1445
221	38412.2461
222	38340.9375
223	38434.34
224	38586
225	38189.28
226	38320.85
227	38013.5273
228	38306.79
229	38344.9531
230	37860.875
231	38140.07
232	37986.41
233	37755.4258
234	38133.04
235	37750.4023
236	37992.4375
237	37832.7539
238	37660.02
239	38217.4023
240	37814.6758
241	37695.168
242	37615.832
243	37543.5234
244	37498.332
245	37185.0156
246	37139.8242
247	37103.6758
248	37275.3945
249	37510.3867
250	37459.168
251	37482.2656
252	37112.71
253	37211.125
254	37512.3945
255	37077.5664
256	37490.3
257	37192.043
258	36969.1133
259	37480.2578
260	36814.47
261	37295.48
262	36867.69
263	36870.7031
264	36912.88
265	37068.5273
266	36888.7773
267	37075.5547
268	36847.6055
269	36902.8359
270	36698.99
271	36607.6133
272	36433.9
273	36376.66
274	36678.9063
275	36607.6133
276	36145.72
277	36561.42
278	36912.88
279	36381.6836
280	36523.2656
281	36814.47
282	36404.7773
283	36654.81
284	36234.08
285	36599.58
286	36548.3672
287	36283.28
288	36232.07
289	36076.4336
290	36097.52
291	36476.07
292	36347.543
293	36045.31
294	36098.5234
295	36373.65
296	36059.3672
297	36117.6
298	35746.0977
299	36069.4063
300	35682.8438
301	35867.59
302	36010.168
303	35793.29
304	36103.5469
305	35661.7578
306	35749.11
307	35984.06
308	35711.96
309	35889.6758
310	36042.2969
311	35420.793
312	35576.4141
313	35943.9
314	35339.47
315	35467.98
316	36074.4258
317	35704.9336
318	35290.2734
319	35842.49
320	35524.207
321	35836.46
322	35199.9141
323	35408.7422
324	35271.1953
325	35392.68
326	35426.8164
327	35366.5742
328	35261.1563
329	35121.6
330	35312.36
331	35316.375
332	35454.93
333	35476.01
334	34899.7266
335	35675.8164
336	35319.3867
337	34784.2734
338	35403.7227
339	35418.7852
340	35117.5859
341	35193.89
342	35082.4453
343	35307.34
344	35133.65
345	35261.1563
346	34702.9531
347	34957.957
348	34973.0156
349	35068.39
350	35183.8477
351	34966.9922
352	35228.0234
353	34724.0352
354	34934.8633
355	34814.39
356	35204.9336
357	34837.48
358	35035.26
359	34862.58
360	34880.6523
361	34841.4961
362	34761.1836
363	34802.3438
364	34894.707
365	34683.88
366	34693.918
367	34875.6328
368	34769.2148
369	34690.9063
370	34568.43
371	34745.1172
372	34215.06
373	34525.26
374	34187.9531
375	34663.8
376	34776.2422
377	34135.7539
378	34423.8672
379	34477.0742
380	34387.7266
381	33985.17
382	34697.9336
383	34238.15
384	34578.47
385	34336.5273
386	34357.61
387	34682.875
388	34444.95
389	34500.1641
390	34405.7969
391	33753.29
392	34030.3477
393	34212.0469
394	34193.9766
395	34480.0859
396	33970.1172
397	34736.082
398	33732.207
399	34000.23
400	33983.1641
401	33788.42
402	34138.76
403	34249.19
404	34153.82
405	34264.2461
406	34125.7148
407	34035.3672
408	33918.918
409	33986.1758
410	33769.3477
411	34075.52
412	34101.62
413	34108.65
414	34088.57
415	34300.3867
416	34090.58
417	33801.4727
418	33954.0547
419	33946.0234
420	33766.3359
421	33754.293
422	33870.7344
423	33880.7734
424	33602.7148
425	33404.97
426	33821.5469
427	33691.05
428	34360.62
429	33528.4336
430	33983.1641
431	33541.4844
432	33916.9141
433	33633.832
434	34034.3633
435	33534.457
436	33597.6953
437	33746.26
438	33782.4
</Trace>
