<Trace>
438
D1 470:530(4)
X	Y	
1	147327.578
2	147131.344
3	146819.2
4	147314.359
5	147247.25
6	146582.313
7	147247.25
8	147154.734
9	146969.672
10	147183.2
11	146874.109
12	146998.141
13	146965.609
14	147725.156
15	147454.672
16	146833.438
17	147720.063
18	146963.578
19	147138.453
20	146894.438
21	147091.688
22	146803.953
23	147496.359
24	146950.359
25	146474.531
26	147463.828
27	147161.844
28	147339.781
29	147686.516
30	146607.719
31	146865.969
32	147480.1
33	147419.1
34	147695.656
35	146954.422
36	147265.563
37	147064.234
38	146589.422
39	147756.672
40	146961.547
41	146759.219
42	147238.109
43	146345.422
44	147310.3
45	147337.75
46	146862.922
47	147109.984
48	147385.531
49	147547.2
50	146868
51	147928.516
52	145318.641
53	138700.281
54	135065.484
55	131359.109
56	127343.852
57	123772.539
58	120660.859
59	118108.664
60	115349.508
61	112744.148
62	109847.945
63	107737.156
64	105962.867
65	104254.695
66	101815.461
67	99896.72
68	98446.5547
69	96606.39
70	95023.34
71	93886.27
72	92125.87
73	90792.16
74	89525.31
75	88816.2
76	87316.35
77	86014.6641
78	85046.35
79	84372.94
80	83140.33
81	82672.97
82	81972.4844
83	80628.19
84	79851.17
85	79335.5547
86	78161.16
87	77981.58
88	77155.37
89	76788.19
90	75659.51
91	74933.35
92	75105.81
93	74843.6
94	73658.6953
95	73893.65
96	72944.81
97	72750.21
98	72284.4141
99	71644.23
100	71316.59
101	70677.4844
102	70707.73
103	70541.41
104	70283.36
105	69900.3359
106	69666.5
107	68912.62
108	68785.63
109	68912.62
110	68612.3
111	68042.9141
112	67388.93
113	67581.39
114	67589.45
115	67457.45
116	66737.01
117	66681.59
118	66308.8047
119	66641.29
120	66131.4844
121	66022.67
122	65947.11
123	65475.62
124	65400.0664
125	65113.9648
126	64742.2461
127	65524.99
128	65010.2031
129	64909.47
130	64765.4141
131	64502.5039
132	63925.33
133	63779.28
134	63935.4023
135	63577.8359
136	63673.52
137	63346.18
138	63478.12
139	62722.7539
140	63231.3633
141	62949.36
142	62908.0664
143	62886.9141
144	62666.3555
145	62744.91
146	62651.25
147	62428.6836
148	62394.44
149	62062.1133
150	62063.12
151	61954.36
152	61810.36
153	61837.5469
154	61921.13
155	62173.8945
156	61239.4023
157	61546.5234
158	61235.375
159	61988.6
160	61210.2
161	60912.1523
162	60864.83
163	60822.5352
164	61044.06
165	61089.3672
166	60520.4727
167	60879.93
168	60284.87
169	60169.0859
170	60693.6563
171	60440.93
172	60285.88
173	60064.375
174	60225.47
175	60382.5352
176	59956.65
177	60107.668
178	60071.4258
179	60161.03
180	59542.8633
181	59707.9727
182	60066.39
183	59772.4063
184	59819.7266
185	59335.4766
186	59540.85
187	59735.1563
188	59517.6953
189	58956.9531
190	59604.2773
191	58901.5859
192	59133.125
193	58985.14
194	58895.5469
195	58792.8672
196	58964
197	58615.6953
198	58814.0078
199	59133.125
200	59055.61
201	58877.4258
202	58526.1055
203	58740.52
204	58633.8125
205	58514.0234
206	58443.56
207	58570.3945
208	58658.98
209	58522.08
210	57949.32
211	58656.97
212	58245.2578
213	58109.3672
214	58493.89
215	58021.793
216	57890.94
217	57789.2773
218	57957.375
219	57744.99
220	57963.4141
221	58186.875
222	57956.3672
223	57483.29
224	57747.0039
225	57613.1328
226	58176.81
227	57336.34
228	57811.42
229	57559.7852
230	57602.0625
231	57528.5859
232	57226.6328
233	57458.13
234	57747.0039
235	57245.7578
236	57282.9961
237	57003.1953
238	57567.84
239	57373.582
240	57322.25
241	56922.68
242	57091.7656
243	57185.3672
244	57170.27
245	56818.0078
246	56808.95
247	57343.3867
248	56728.4375
249	56459.7227
250	57080.6953
251	56332.918
252	57025.3359
253	56747.56
254	56387.26
255	56464.7539
256	56536.21
257	56698.2422
258	56497.9648
259	55961.57
260	56450.6641
261	56649.9336
262	56394.31
263	56359.082
264	56493.94
265	56465.76
266	56258.4453
267	56523.125
268	56754.6
269	56376.19
270	56220.2031
271	56311.78
272	55945.47
273	55969.62
274	56091.3867
275	55811.625
276	55555.0156
277	56132.65
278	56167.87
279	55919.3
280	56053.1445
281	56204.1
282	55930.37
283	55505.707
284	55661.6836
285	55641.56
286	55992.7656
287	55865.9648
288	55643.57
289	55108.23
290	55409.1
291	55388.9766
292	55795.5234
293	56219.1953
294	54986.4766
295	55479.543
296	55261.18
297	55976.6641
298	55724.0742
299	55344.7031
300	55072.0039
301	55335.6445
302	55260.1758
303	54934.1523
304	55607.3438
305	55160.5547
306	55281.3047
307	55557.0273
308	55185.71
309	55209.8633
310	55309.48
311	55085.0859
312	54797.3047
313	55478.5352
314	55180.68
315	55202.8164
316	55118.293
317	55051.88
318	54713.79
319	54805.3555
320	54664.49
321	55135.4
322	55386.9648
323	55283.32
324	54733.9141
325	55038.8
326	54170.457
327	54725.8633
328	54657.44
329	54710.7734
330	54844.5977
331	54780.2
332	54541.73
333	55041.8164
334	54476.33
335	54135.2422
336	54822.46
337	54572.92
338	54488.4023
339	54379.74
340	54317.3555
341	54662.4727
342	54643.3555
343	54430.0469
344	54751.02
345	54401.875
346	54487.4
347	53777.0664
348	54044.69
349	54203.66
350	54534.6875
351	54664.49
352	54202.6563
353	54060.79
354	54221.77
355	54564.875
356	54448.1563
357	53916.9141
358	54002.4336
359	54390.8047
360	54280.13
361	54189.5742
362	54210.7031
363	54056.7656
364	54176.4961
365	53971.2461
366	54357.6
367	54233.8438
368	54044.69
369	54084.9375
370	54045.7
371	53554.7227
372	54087.9531
373	53753.9258
374	54035.6367
375	53952.13
376	53616.0938
377	53492.3438
378	53980.3
379	53635.207
380	53834.4141
381	53617.0977
382	53710.6641
383	53951.12
384	53589.9336
385	53655.33
386	53560.7578
387	53405.8242
388	53367.5938
389	53672.4336
390	53649.293
391	53176.45
392	53729.78
393	53573.8359
394	53206.63
395	53242.8438
396	53685.51
397	53702.6172
398	53253.91
399	53298.1758
400	53452.1
401	53506.43
402	53303.207
403	53089.93
404	52859.5547
405	53044.66
406	53127.1523
407	52889.7344
408	52720.73
409	52720.73
410	53590.94
411	52976.25
412	53351.4961
413	52855.53
414	53139.2227
415	53076.85
416	52798.1875
417	52845.4727
418	53121.1172
419	53190.53
420	53085.9063
421	53038.62
422	52832.3945
423	52983.293
424	53097.9766
425	53305.22
426	52941.04
427	52568.83
428	52950.0938
429	52815.293
430	52733.81
431	52800.2031
432	53414.88
433	53108.04
434	52271.07
435	52876.6563
436	52721.7344
437	52743.8672
438	52510.4844
</Trace>
