<Trace>
417
D1 470:530(7)
X	Y	
1	160035.359
2	160753.25
3	160963.031
4	161047.547
5	160059.8
6	161382.6
7	160476.266
8	159797.1
9	160278.719
10	160535.328
11	160945.719
12	160209.484
13	160119.875
14	159906.047
15	160715.578
16	160882.578
17	160631.047
18	160468.125
19	159915.2
20	160492.563
21	160482.375
22	160693.172
23	160768.531
24	159879.563
25	160665.672
26	160678.9
27	160885.641
28	159804.219
29	160579.125
30	159873.453
31	160373.422
32	159741.1
33	160529.219
34	160760.375
35	160335.75
36	160042.484
37	160535.328
38	161146.328
39	160764.453
40	160508.859
41	160003.8
42	160396.844
43	160278.719
44	160119.875
45	160461
46	160601.516
47	160166.7
48	160187.078
49	159953.891
50	160289.922
51	159930.484
52	152295.984
53	147773.953
54	141723.8
55	136285.047
56	132758.844
57	128470.008
58	124983.438
59	121169.766
60	117605
61	113540.258
62	111394.156
63	107790.805
64	104683.734
65	102121.977
66	99836.04
67	97618.44
68	94812.0859
69	91795.45
70	89675.83
71	87362.8047
72	85269.49
73	83296.79
74	81160.03
75	78933.9844
76	77312.7344
77	75177.4141
78	73848.27
79	72459.84
80	70814.58
81	69398.4
82	68118.49
83	66295.7
84	65041.4336
85	63269.6328
86	61871.7852
87	61290.7578
88	59892.2148
89	58327.8
90	58142.5859
91	56614.71
92	55728.1
93	54315.3438
94	53948.1055
95	52788.13
96	52535.6328
97	51516.66
98	50421.3672
99	49539.4023
100	49029.57
101	48434.3
102	47293.1445
103	46575.3477
104	46420.54
105	45737.9922
106	44588.14
107	43987.14
108	43798.2031
109	42782.2461
110	42448.6445
111	42344.1445
112	41519.2461
113	40913.43
114	40576.8828
115	39818.4453
116	39429.71
117	38927.4922
118	38582.99
119	38467.4844
120	38273.6445
121	37577.668
122	37219.1563
123	36796.3945
124	36578.4922
125	36454.9844
126	36314.4063
127	35790.2773
128	34966.9922
129	34806.36
130	34901.7344
131	34242.1641
132	34045.4063
133	33426.0469
134	33545.5
135	33237.34
136	33421.0273
137	32900.082
138	32536.74
139	32493.582
140	32154.3457
141	31950.6074
142	31621.4277
143	31634.4746
144	31410.68
145	31212.98
146	31087.54
147	30743.34
148	30389.1172
149	30675.1035
150	30436.28
151	30327.9082
152	30142.2754
153	29979.7246
154	29659.6465
155	29597.44
156	29502.1211
157	29419.8477
158	29311.4883
159	28746.6387
160	29003.4766
161	28949.2988
162	28736.6074
163	28671.3965
164	28384.4727
165	28442.6582
166	28378.4531
167	28349.36
168	28222.957
169	27992.2246
170	27819.6816
171	27979.1836
172	27877.8652
173	27612.0313
174	27508.71
175	27310.0977
176	27538.8047
177	27323.1367
178	26991.12
179	27418.4316
180	27088.416
181	27154.62
182	27021.21
183	26945.9824
184	26734.3418
185	26594.9219
186	26651.09
187	26550.79
188	26454.502
189	26594.9219
190	26461.5234
191	26339.1582
192	26162.6348
193	26302.0488
194	26306.06
195	26159.627
196	26322.1074
197	26077.3848
198	26005.1719
199	26070.3633
200	25695.2676
201	25718.334
202	25731.373
203	25971.0723
204	25751.4316
205	25741.4023
206	25621.0527
207	25815.6172
208	25403.4258
209	25373.34
210	25743.4082
211	25415.46
212	25213.8848
213	25607.0117
214	25345.26
215	25192.8262
216	25340.2461
217	25228.9277
218	25007.3
219	25277.0645
220	24904.01
221	25289.1
222	25036.3828
223	24824.7871
224	25223.9141
225	25047.4141
226	25261.02
227	24826.793
228	24770.6348
229	24952.1445
230	24831.8066
231	25036.3828
232	24834.8145
233	24799.7168
234	24521.9434
235	24997.2715
236	24673.3633
237	24709.4648
238	24766.623
239	24751.582
240	24894.9844
241	24598.1543
242	24648.2949
243	24820.7754
244	24599.1582
245	24549.0176
246	24567.0684
247	24577.0957
248	24579.1016
249	24379.55
250	24586.1211
251	24576.0938
252	24404.62
253	24445.7324
254	24396.5977
255	24047.6445
256	24297.3242
257	23918.293
258	24245.1816
259	24176.9961
260	24439.7168
261	24263.23
262	24156.9414
263	24134.88
264	24049.6484
265	24148.92
266	24090.7617
267	24257.2148
268	24187.0234
269	24097.78
270	23888.2129
271	24070.707
272	24183.0117
273	23946.37
274	23686.6719
275	23719.76
276	24065.6934
277	24166.9688
278	24037.6172
279	23978.457
280	23934.3379
281	23804.9883
282	23845.0957
283	23612.4727
284	24135.8828
285	23670.6289
286	23783.9316
287	23964.418
288	24113.8242
289	23860.1367
290	23851.1133
291	23684.666
292	23977.4531
293	23802.9824
294	23669.627
295	23550.3086
296	23857.1289
297	23809
298	23851.1133
299	23727.7813
300	23598.4355
301	23736.8066
302	23922.3047
303	23688.6777
304	23565.3477
305	23329.7246
306	23577.38
307	23748.8379
308	23746.832
309	23623.502
310	23685.668
311	23247.5078
312	23496.1641
313	23600.4414
314	23604.4512
315	23297.64
316	23371.8359
317	23420.9648
318	23632.5273
319	23211.4141
320	23405.9258
321	23386.875
322	23125.1875
323	23233.4727
324	23357.7988
325	23454.0527
326	23499.1719
327	23095.11
328	23364.8164
329	23332.7324
330	23089.0938
331	23252.5215
332	23296.6367
333	23235.4766
334	23101.125
335	23440.0156
336	23180.332
337	23254.5273
338	23561.3379
339	23120.1758
340	23527.2461
341	23237.4824
342	23124.1855
343	23116.1641
344	23347.7715
345	23528.25
346	22947.7266
347	23210.4121
348	23208.4063
349	23431.9941
350	22896.5957
351	23185.3457
352	22894.59
353	23379.8574
354	23152.26
355	22990.8379
356	22928.6777
357	22995.8516
358	22786.31
359	22933.6914
360	23331.73
361	23020.916
362	22902.6113
363	23093.1055
364	23033.9512
365	22940.709
366	23067.0371
367	23128.1973
368	22803.3535
369	22763.252
370	22868.5215
371	23189.3555
372	23105.1367
373	22939.707
374	23257.5352
375	22991.8418
376	23014.9
377	22809.37
378	22574.77
379	22730.166
380	22854.4863
381	22906.6211
382	22722.1465
383	22582.79
384	22909.6289
385	22620.8867
386	22972.793
387	22930.6836
388	22538.6777
389	22646.9531
390	22720.14
391	22610.8613
392	22965.7734
393	22817.39
394	22639.9355
395	22672.0176
396	22692.0684
397	22503.5879
398	22425.39
399	22355.2129
400	22565.7461
401	22298.0684
402	22738.1875
403	22508.6016
404	22418.3711
405	22682.043
406	22374.26
407	22605.8477
408	22334.16
409	22680.0371
410	22561.7363
411	22489.5527
412	22678.0332
413	22616.877
414	22455.4668
415	22604.8457
416	22242.93
417	22361.2285
</Trace>
