<Trace>
450
D1 470:530(6)
X	Y	
1	161610.719
2	161159.578
3	162112.828
4	162039.5
5	161553.688
6	162078.2
7	161515
8	161578.141
9	161702.391
10	161173.828
11	161826.641
12	162127.078
13	161592.391
14	161709.516
15	161552.672
16	162283.938
17	161621.922
18	161221.688
19	161509.9
20	161710.531
21	161443.7
22	162171.9
23	161689.141
24	161929.5
25	161502.781
26	162013.016
27	161613.781
28	161934.6
29	162067
30	161602.578
31	161678.969
32	162202.453
33	161500.734
34	161787.938
35	161271.6
36	161403.984
37	161702.391
38	161521.109
39	161895.891
40	161788.953
41	161905.063
42	161391.766
43	161875.516
44	161386.672
45	162164.766
46	162047.641
47	161952.922
48	162103.656
49	161836.828
50	161640.266
51	161473.234
52	154982.219
53	148835.609
54	143468.7
55	139755.75
56	135004.563
57	131896.047
58	128273.18
59	124376.953
60	120974.109
61	117870.508
62	114639.336
63	111617.961
64	109468.273
65	105705.813
66	103771.047
67	101071.984
68	98812.62
69	96201
70	92904.97
71	91158.91
72	89529.35
73	87099.22
74	85452.24
75	83729.86
76	82074.42
77	80420.3047
78	78906.74
79	77580.06
80	75627.2344
81	73913.81
82	72939.7656
83	71231.9141
84	70087.81
85	69394.37
86	67598.52
87	66258.43
88	64934.6523
89	64544.81
90	63389.49
91	62414.582
92	61546.5234
93	60519.4648
94	59758.3125
95	58787.832
96	57961.4
97	57236.7
98	56255.4258
99	55478.5352
100	54897.9258
101	54136.25
102	53287.11
103	52859.5547
104	52026.6328
105	51344.66
106	50818.6328
107	50229.2773
108	50040.21
109	49175.375
110	48724.89
111	48514.7422
112	47925.54
113	47245.8945
114	47028.74
115	46511.01
116	45674.668
117	45615.36
118	45245.47
119	44580.0977
120	44408.24
121	44029.3477
122	43600.23
123	43358.043
124	42864.6445
125	42912.88
126	42600.37
127	41964.34
128	41771.43
129	41509.2
130	41285.1523
131	41150.5273
132	40732.5977
133	40599.99
134	40442.27
135	40143.9141
136	39647.6836
137	39363.4141
138	39828.4922
139	38714.56
140	38708.5352
141	39089.2031
142	38357.0078
143	38333.9063
144	38308.7969
145	37645.96
146	37308.5352
147	37399.918
148	37328.6172
149	36927.94
150	37226.1875
151	36514.2266
152	36834.55
153	36670.875
154	36050.33
155	35808.3477
156	36087.48
157	35987.0742
158	35773.207
159	35850.52
160	35455.9336
161	35564.3672
162	35396.6953
163	35170.7969
164	35305.332
165	34885.67
166	34816.4
167	35089.4766
168	34875.6328
169	34581.48
170	34410.8164
171	34229.1133
172	34141.7734
173	34297.375
174	34144.7852
175	33936.99
176	33865.7148
177	34066.4844
178	33921.93
179	33757.3047
180	33631.83
181	33509.3633
182	33551.5234
183	33543.4922
184	33172.0938
185	33194.1758
186	33067.7031
187	32931.1953
188	32872.98
189	33109.8633
190	32757.5527
191	32635.1016
192	32574.88
193	32504.623
194	32992.4258
195	32209.5449
196	32549.7871
197	32424.3281
198	32644.1348
199	31980.7168
200	32320.9512
201	32322.957
202	32147.3184
203	32325.9688
204	31966.666
205	32220.5859
206	31885.373
207	32064.0176
208	32042.9414
209	31755.9082
210	31970.68
211	31676.625
212	31560.209
213	31757.916
214	31943.582
215	31475.91
216	31390.6074
217	31605.3711
218	31388.6
219	31352.4727
220	31621.4277
221	31345.4473
222	31224.02
223	31336.416
224	31537.127
225	31229.0371
226	31428.7422
227	31358.4941
228	31464.8711
229	31448.8145
230	31329.39
231	31315.3418
232	31316.3457
233	31209.97
234	30928.9844
235	31081.52
236	31273.1934
237	30855.73
238	30647.0059
239	30682.127
240	30892.86
241	30872.79
242	30689.1523
243	30752.3711
244	30473.4082
245	30702.1973
246	30608.875
247	30641.9883
248	30633.96
249	30753.375
250	30541.6426
251	31028.332
252	30465.3789
253	30349.9844
254	30797.5273
255	30784.4824
256	30598.84
257	30311.8535
258	30150.3027
259	30361.0215
260	30425.2422
261	30317.875
262	30235.5938
263	30281.75
264	30206.4941
265	30209.5039
266	29946.6113
267	30121.2031
268	30246.63
269	30083.0742
270	30356.0039
271	29949.623
272	30364.0313
273	30091.1016
274	30068.0234
275	30045.9473
276	30022.87
277	30024.877
278	29566.3359
279	29741.9238
280	29566.3359
281	29707.8086
282	29385.7344
283	29956.6465
284	29923.5332
285	29752.96
286	29871.3574
287	29898.45
288	29644.5977
289	29554.2949
290	29810.1523
291	29769.0137
292	29854.3
293	29526.2012
294	29500.1152
295	29527.2051
296	29403.7949
297	29151.9629
298	29565.332
299	29354.6328
300	29557.3047
301	29527.2051
302	29385.7344
303	29538.2422
304	29266.34
305	29315.502
306	29311.4883
307	29216.1738
308	29424.8652
309	29398.7773
310	29082.7363
311	29144.94
312	29344.6
313	29045.6133
314	29356.6387
315	29009.4961
316	29222.1953
317	29195.1055
318	29031.5684
319	28880.0723
320	28734.6
321	29260.32
322	29111.832
323	28853.9883
324	28844.959
325	28978.3945
326	29342.5918
327	29281.39
328	29081.7324
329	29064.6758
330	28792.79
331	28831.916
332	29060.6641
333	29019.53
334	28893.1152
335	28906.1582
336	28734.6
337	28742.627
338	28672.3984
339	28967.3574
340	29173.0332
341	28599.1621
342	28798.8086
343	29000.4668
344	28607.1875
345	28794.7949
346	28615.2148
347	28610.1973
348	28861.0117
349	28804.8281
350	28251.0469
351	28694.47
352	28416.5742
353	28983.41
354	28420.5879
355	28785.7656
356	28652.334
357	28490.8125
358	28454.6973
359	28531.9453
360	28402.53
361	28534.9551
362	28154.74
363	28324.28
364	28255.0586
365	28283.1484
366	28475.7656
367	28419.584
368	28551.0078
369	28492.82
370	28490.8125
371	28245.0273
372	28366.4141
373	28150.7266
374	28643.3047
375	27978.18
376	28201.8887
377	28301.2051
378	28033.3555
379	28200.8867
380	28195.8711
381	28076.4922
382	28149.7227
383	28186.8418
384	28478.7754
385	28409.5527
386	28077.4941
387	27883.8828
388	28255.0586
389	28125.6465
390	27924.01
391	28388.4844
392	28147.7168
393	28120.63
394	27879.8711
395	28212.9238
396	28095.55
397	27930.03
398	28406.543
399	27940.06
400	27928.0215
401	28193.8633
402	27666.2012
403	27890.9063
404	27949.0879
405	27758.49
406	27775.543
407	27927.02
408	27763.5059
409	27851.7832
410	27809.65
411	27869.84
412	27647.1426
413	27753.4746
414	27779.5566
415	27816.6719
416	27840.748
417	27489.6523
418	27740.4336
419	27780.5586
420	27864.8242
421	27534.791
422	27824.6973
423	27561.877
424	27424.45
425	27698.3
426	27460.5625
427	27712.3457
428	27866.83
429	27640.12
430	27627.0781
431	27596.9844
432	27377.3047
433	27642.127
434	27538.8047
435	27390.3438
436	27745.45
437	27338.1836
438	27311.1
439	27660.1816
440	27702.3145
441	27386.332
442	27577.9258
443	27598.9922
444	27363.26
445	27076.3789
446	27272.9824
447	27146.5938
448	27175.6836
449	27467.584
450	27662.19
</Trace>
